0.06595849990844727
1.0
34.80671296296296
0.0668952465057373
1.0
13.324652777777777
0.06551337242126465
1.0
8.773148148148149
0.06866812705993652
1.0
13.995949074074074
0.06568002700805664
1.0
9.831211419753087
0.06929516792297363
1.0
15.335234788359788
0.06878495216369629
1.0
35.921585648148145
0.06935238838195801
1.0
93.11342592592592
0.06871581077575684
1.0
18.272569444444446
0.07184123992919922
1.0
13.20775462962963
0.06832695007324219
1.0
13.325135030864196
0.06599926948547363
1.0
25.427083333333332
0.06589674949645996
1.0
11.519097222222221
0.06581497192382812
1.0
19.775752314814813
0.06626772880554199
1.0
19.070457175925924
0.0695183277130127
1.0
45.98765432098765
0.0697171688079834
1.0
29.00405092592593
0.06974458694458008
1.0
34.516782407407405
0.06970024108886719
1.0
44.03284143518518
0.06952166557312012
1.0
48.90480324074074
0.06921672821044922
1.0
36.71585648148148
0.0693964958190918
1.0
45.90277777777778
0.06583118438720703
1.0
16.95457175925926
0.06628799438476562
1.0
3.878968253968254
0.0669703483581543
1.0
15.611979166666666
0.06937313079833984
1.0
10.62572337962963
0.07021331787109375
1.0
12.875578703703704
0.06950139999389648
1.0
19.09866898148148
0.06953287124633789
1.0
15.873119212962962
0.07235836982727051
1.0
11.322820216049385
0.06953120231628418
1.0
10.20190329218107
0.0671234130859375
1.0
14.633487654320987
0.06964230537414551
1.0
10.499131944444445
0.06693911552429199
1.0
13.98871527777778
0.0666193962097168
1.0
11.293402777777779
0.06699109077453613
1.0
12.368344907407408
0.06646609306335449
1.0
39.10879629629629
0.06964254379272461
1.0
47.239583333333336
0.06602168083190918
1.0
53.68923611111111
0.06697678565979004
1.0
119.11458333333334
0.06596016883850098
1.0
30.66647376543209
0.06606602668762207
1.0
17.215856481481485
0.06599760055541992
1.0
17.840567129629626
0.06615018844604492
1.0
59.97395833333333
0.06664013862609863
1.0
27.34375
0.06957197189331055
1.0
19.895833333333332
0.06619620323181152
1.0
41.507523148148145
0.06789684295654297
1.0
18.94193672839506
0.06979513168334961
1.0
27.95090663580247
0.06972360610961914
1.0
28.036541005291003
0.06704139709472656
1.0
17.238136574074076
0.0669558048248291
1.0
8.983796296296296
0.06979680061340332
1.0
6.119791666666666
0.06940031051635742
1.0
48.98871527777778
0.06810951232910156
1.0
8.482349537037036
0.06936430931091309
1.0
9.676890432098766
0.06625699996948242
1.0
7.619598765432098
0.06688189506530762
1.0
20.446759259259256
0.06859326362609863
1.0
25.497685185185183
0.06618070602416992
1.0
21.07638888888889
0.06957316398620605
1.0
7.134452160493827
0.06963729858398438
1.0
20.6640625
0.06710076332092285
1.0
18.643904320987655
0.0676412582397461
1.0
19.59201388888889
0.06985950469970703
1.0
18.522569444444443
0.06975936889648438
1.0
33.139467592592595
0.06996536254882812
1.0
27.473958333333332
0.06845426559448242
1.0
20.153356481481485
0.070068359375
1.0
28.74074074074074
0.0697927474975586
1.0
35.34288194444444
0.0700521469116211
1.0
0.0
0.06995010375976562
1.0
31.744791666666668
0.06755232810974121
1.0
32.199074074074076
0.07002139091491699
1.0
11.91550925925926
0.06721305847167969
1.0
48.92071759259259
0.06659388542175293
1.0
37.89496527777778
0.06691598892211914
1.0
71.65219907407408
0.06804513931274414
1.0
16.37210648148148
0.06995749473571777
1.0
35.38194444444444
0.06957554817199707
1.0
33.3666087962963
0.06969046592712402
1.0
15.393518518518517
0.06620597839355469
1.0
18.924437830687832
0.06958627700805664
1.0
24.60165895061728
0.06744551658630371
1.0
23.548418209876544
0.06958580017089844
1.0
0.0
0.06649374961853027
1.0
16.209852430555557
0.06731438636779785
1.0
28.72974537037037
0.06841182708740234
1.0
25.18301504629629
0.06942248344421387
1.0
25.474537037037038
0.06844329833984375
1.0
15.366512345679013
0.06636929512023926
1.0
13.88816550925926
0.06653952598571777
1.0
12.839988425925927
0.06988930702209473
1.0
17.71701388888889
0.06753993034362793
1.0
26.793981481481485
0.06865692138671875
1.0
18.921199845679013
0.06658768653869629
1.0
16.392939814814817
0.06868195533752441
1.0
20.941358024691358
0.06954383850097656
1.0
19.07696759259259
0.06989002227783203
1.0
0.0
0.0682377815246582
1.0
8.295717592592593
0.06938910484313965
1.0
21.141493055555557
0.06808853149414062
1.0
13.406394675925927
0.06688904762268066
1.0
10.847800925925927
0.06673908233642578
1.0
28.80353009259259
0.06655144691467285
1.0
50.45331790123456
0.06638860702514648
1.0
12.63503086419753
0.06618785858154297
1.0
26.840277777777775
0.06651186943054199
1.0
58.0835262345679
0.06652617454528809
1.0
12.728587962962964
0.07219958305358887
1.0
20.869020061728396
0.06558561325073242
1.0
39.59129050925925
0.06816649436950684
1.0
0.0
0.06650900840759277
1.0
0.0
0.06669449806213379
1.0
15.135995370370372
0.06624865531921387
1.0
11.60228587962963
0.06643390655517578
1.0
26.019675925925924
0.06629300117492676
1.0
9.728973765432098
0.06708216667175293
1.0
20.471281828703702
0.06986856460571289
1.0
16.055410879629626
0.07001280784606934
1.0
14.840856481481481
0.06692123413085938
1.0
33.91865079365079
0.06678485870361328
1.0
29.467592592592588
0.06757354736328125
1.0
37.239583333333336
0.06989336013793945
1.0
9.817708333333332
0.0699605941772461
1.0
7.813657407407407
0.06705737113952637
1.0
16.82928240740741
0.06987738609313965
1.0
15.475019290123457
0.0661630630493164
1.0
11.15379050925926
0.06675434112548828
1.0
107.56076388888889
0.06962752342224121
1.0
22.594907407407405
0.0661921501159668
1.0
12.00761959876543
0.07091331481933594
1.0
11.078703703703704
0.06983447074890137
1.0
40.36168981481481
0.06996607780456543
1.0
74.30121527777777
0.06959891319274902
1.0
59.441550925925924
0.0698235034942627
1.0
32.51109182098765
0.06666326522827148
1.0
0.0
0.06718873977661133
1.0
6.412760416666666
0.07009530067443848
1.0
49.14930555555556
0.0682363510131836
1.0
14.62962962962963
0.06992912292480469
1.0
5.337094907407407
0.06671428680419922
1.0
0.0
0.07005977630615234
1.0
8.023003472222221
0.06756377220153809
1.0
25.089699074074073
0.06652975082397461
1.0
14.969618055555555
0.0677647590637207
1.0
13.61111111111111
0.06929159164428711
1.0
0.0
0.06648898124694824
1.0
10.99826388888889
0.06969404220581055
1.0
14.253472222222223
0.06994175910949707
1.0
7.084780092592593
0.06984543800354004
1.0
8.659818672839505
0.069854736328125
1.0
0.0
0.07010579109191895
1.0
14.966724537037036
0.06758975982666016
1.0
2.5086805555555554
0.0666496753692627
1.0
7.96064814814815
0.07002997398376465
1.0
16.121238425925924
0.06849169731140137
1.0
11.401427469135802
0.06728148460388184
1.0
43.891782407407405
0.06711649894714355
1.0
55.604745370370374
0.06673789024353027
1.0
16.78298611111111
0.070220947265625
1.0
27.40644290123457
0.06987309455871582
1.0
17.063368055555554
0.07064580917358398
1.0
13.228009259259258
0.07000350952148438
1.0
15.108989197530866
0.06974935531616211
1.0
34.92476851851852
0.06974482536315918
1.0
45.30237268518518
0.06652617454528809
1.0
8.189814814814813
0.06737971305847168
1.0
37.1508487654321
0.0700674057006836
1.0
29.623263888888886
0.06751585006713867
1.0
25.73929398148148
0.06705689430236816
1.0
10.27247299382716
0.06996870040893555
1.0
36.807484567901234
0.06818771362304688
1.0
49.67881944444445
0.06750798225402832
1.0
14.99855324074074
0.07021903991699219
1.0
34.650848765432094
0.06672978401184082
1.0
30.38773148148148
0.0686025619506836
1.0
8.715277777777777
0.06796598434448242
1.0
18.400710978835978
0.06994152069091797
1.0
32.087673611111114
0.06993675231933594
1.0
93.18865740740742
0.07034182548522949
1.0
14.108314043209878
0.06999731063842773
1.0
12.972222222222223
0.06780838966369629
1.0
7.153742283950617
0.06992626190185547
1.0
25.927372685185187
0.0665123462677002
1.0
28.271604938271604
0.06666803359985352
1.0
45.879629629629626
0.0676262378692627
1.0
14.610615079365079
0.06682109832763672
1.0
19.633969907407405
0.07013630867004395
1.0
14.189814814814817
0.06824469566345215
1.0
29.26287615740741
0.06663966178894043
1.0
20.37181712962963
0.06706762313842773
1.0
16.5576774691358
0.06714987754821777
1.0
6.534184854497354
0.07024621963500977
1.0
4.718276515151516
0.06783008575439453
1.0
8.43605324074074
0.06801748275756836
1.0
50.53530092592593
0.06666326522827148
1.0
101.49594907407408
0.06678533554077148
1.0
5.933159722222222
0.06714701652526855
1.0
11.583912037037038
0.0697317123413086
1.0
3.7239583333333335
0.06994867324829102
1.0
7.163869598765433
0.06690669059753418
1.0
1.7429503367003365
0.06813216209411621
1.0
15.381944444444443
0.0696878433227539
1.0
105.94328703703704
0.06739401817321777
1.0
41.079282407407405
0.06657981872558594
1.0
31.064091435185187
0.06999015808105469
1.0
8.933015046296296
0.07060408592224121
1.0
7.161458333333333
0.06964874267578125
1.0
9.630787037037038
0.06726336479187012
1.0
4.3373842592592595
0.06679177284240723
1.0
0.0
0.07010173797607422
1.0
0.0
0.06777048110961914
1.0
9.96238425925926
0.06961846351623535
1.0
0.0
0.06983089447021484
1.0
0.0
0.06983542442321777
1.0
7.274305555555555
0.06825947761535645
1.0
48.24074074074074
0.0666344165802002
1.0
9.79861111111111
0.06664037704467773
1.0
61.60590277777778
0.06626009941101074
1.0
9.903273809523808
0.06657290458679199
1.0
38.96412037037037
0.06667208671569824
1.0
45.027488425925924
0.06779766082763672
1.0
10.435956790123457
0.07004880905151367
1.0
32.36689814814815
0.06999945640563965
1.0
16.328951719576718
0.09749126434326172
1.0
48.38831018518519
0.06691765785217285
1.0
101.44965277777777
0.06686282157897949
1.0
13.844401041666668
0.06626272201538086
1.0
61.540798611111114
0.06762003898620605
1.0
10.357831790123457
0.07008051872253418
1.0
57.02546296296296
0.06972527503967285
1.0
24.072337962962965
0.06641244888305664
1.0
16.42774470899471
0.06981253623962402
1.0
7.254840067340067
0.06640100479125977
1.0
12.311921296296298
0.0665595531463623
1.0
31.555266203703706
0.0662682056427002
1.0
24.577546296296294
0.06991910934448242
1.0
28.08275462962963
0.06651163101196289
1.0
46.514274691358025
0.06634926795959473
1.0
13.266782407407407
0.0668020248413086
1.0
19.18547453703704
0.06630992889404297
1.0
11.640946502057613
0.06675338745117188
1.0
3.4594907407407414
0.06639528274536133
1.0
19.537037037037038
0.06633710861206055
1.0
32.79108796296296
0.06638622283935547
1.0
9.919945987654321
0.06661701202392578
1.0
6.6796875
0.06611466407775879
1.0
34.0162037037037
0.0667109489440918
1.0
8.425925925925927
0.06645679473876953
1.0
9.461323302469134
0.06667876243591309
1.0
15.804108796296296
0.06648898124694824
1.0
11.364454732510287
0.06644892692565918
1.0
31.38310185185185
0.0666196346282959
1.0
21.570767195767196
0.06651020050048828
1.0
34.30613425925926
0.06969237327575684
1.0
8.421875
0.06952118873596191
1.0
10.798128858024691
0.06647419929504395
1.0
29.19560185185185
0.0662081241607666
1.0
29.191743827160494
0.06920409202575684
1.0
9.98046875
0.06989645957946777
1.0
18.519483024691358
0.06815886497497559
1.0
45.867091049382715
0.06984424591064453
1.0
25.060763888888886
0.06653189659118652
1.0
6.158854166666666
0.06874656677246094
1.0
13.81076388888889
0.06982421875
1.0
7.848186728395061
0.06986880302429199
1.0
9.325810185185185
0.0696558952331543
1.0
12.277199074074074
0.06838703155517578
1.0
3.8908179012345685
0.06657671928405762
1.0
7.32494212962963
0.06660103797912598
1.0
7.122395833333333
0.06661701202392578
1.0
8.06640625
0.06740736961364746
1.0
12.400655864197532
0.06665611267089844
1.0
16.78009259259259
0.06682658195495605
1.0
8.75831886574074
0.06680512428283691
1.0
19.594494047619044
0.0672454833984375
1.0
10.304976851851851
0.06990694999694824
1.0
10.789930555555555
0.06686854362487793
1.0
18.47993827160494
0.0667734146118164
1.0
4.325810185185185
0.0697944164276123
1.0
14.392361111111112
0.06782126426696777
1.0
13.226273148148147
0.07005500793457031
1.0
19.68942901234568
0.07020926475524902
1.0
46.626157407407405
0.07014298439025879
1.0
16.05107060185185
0.06765365600585938
1.0
14.193121693121695
0.0675349235534668
1.0
22.402199074074073
0.07009029388427734
1.0
23.272569444444446
0.06691575050354004
1.0
23.193479938271604
0.06647515296936035
1.0
51.187789351851855
0.06663250923156738
1.0
15.864679783950615
0.06665372848510742
1.0
9.973958333333334
0.06653189659118652
1.0
39.68677662037037
0.06670117378234863
1.0
61.79108796296296
0.06666970252990723
1.0
10.670469576719578
0.06649994850158691
1.0
12.548225308641978
0.06882190704345703
1.0
5.4278273809523805
0.06989884376525879
1.0
13.723476080246916
0.06690216064453125
1.0
8.980429292929294
0.06685805320739746
1.0
12.666377314814811
0.07007980346679688
1.0
37.57378472222222
0.06721782684326172
1.0
22.728587962962962
0.0702981948852539
1.0
29.083912037037038
0.06749486923217773
1.0
16.535493827160494
0.06703376770019531
1.0
33.54214891975308
0.06738400459289551
1.0
18.544560185185187
0.0673074722290039
1.0
28.296440972222218
0.06723380088806152
1.0
10.618489583333334
0.06978106498718262
1.0
7.057291666666667
0.0704808235168457
1.0
12.232349537037036
0.06791353225708008
1.0
21.958912037037038
0.06743454933166504
1.0
15.33130787037037
0.07025575637817383
1.0
19.364872685185187
0.06989359855651855
1.0
30.40171682098766
0.06743025779724121
1.0
24.107831790123456
0.07141304016113281
1.0
15.498842592592592
0.0667104721069336
1.0
35.33637152777778
0.06645846366882324
1.0
41.23697916666667
0.06645846366882324
1.0
18.005401234567902
0.06748390197753906
1.0
18.625578703703702
0.07053065299987793
1.0
11.371527777777779
0.0670931339263916
1.0
20.949074074074073
0.06665945053100586
1.0
53.11631944444444
0.06648397445678711
0.2
41.76793981481482
0.0667877197265625
1.0
60.83622685185185
0.06972241401672363
1.0
21.357060185185183
0.07024598121643066
0.9666666666666667
30.13888888888889
0.06759524345397949
1.0
35.7103587962963
0.06977605819702148
1.0
40.47212577160494
0.06987738609313965
1.0
30.02459490740741
0.06677913665771484
1.0
30.646908068783066
0.06634259223937988
1.0
21.24189814814815
0.06981134414672852
1.0
12.116126543209878
0.06999826431274414
1.0
29.49074074074074
0.06632375717163086
1.0
27.558834876543216
0.06627988815307617
1.0
30.11729878917379
0.06618165969848633
1.0
22.126374421296298
0.06682372093200684
1.0
0.0
0.07014727592468262
1.0
31.05034722222222
0.0669705867767334
1.0
47.35869984567901
0.06689214706420898
1.0
14.586226851851853
0.06998205184936523
1.0
12.659143518518519
0.0701436996459961
1.0
14.346064814814815
0.06719851493835449
1.0
12.160011574074073
0.0664510726928711
1.0
13.101851851851851
0.06674432754516602
1.0
14.33738425925926
0.06647920608520508
1.0
13.078703703703702
0.06654691696166992
1.0
12.679811507936508
0.0662531852722168
1.0
8.211082175925926
0.06621527671813965
1.0
15.675636574074076
0.06990957260131836
1.0
11.884403935185183
0.06982898712158203
1.0
11.058666087962962
0.06992340087890625
1.0
0.0
0.07000946998596191
1.0
6.90630260942761
0.06968927383422852
1.0
17.28587962962963
0.0662226676940918
1.0
6.264467592592593
0.06775283813476562
1.0
18.208912037037038
0.06986212730407715
1.0
106.20949074074075
0.07015061378479004
1.0
13.037615740740739
0.06998538970947266
1.0
8.349247685185185
0.07013416290283203
1.0
6.371527777777779
0.06714677810668945
1.0
9.993248456790123
0.06654143333435059
1.0
63.44039351851852
0.0678701400756836
1.0
35.18952546296296
0.0693655014038086
1.0
48.05555555555556
0.0674433708190918
1.0
47.84288194444445
0.0670168399810791
1.0
44.05164930555556
0.06684708595275879
1.0
13.597366898148149
0.0672607421875
1.0
53.22337962962963
0.06639552116394043
1.0
37.00752314814814
0.07027411460876465
1.0
47.507716049382715
0.06686043739318848
1.0
6.572627314814815
0.0668790340423584
1.0
9.52739197530864
0.06712532043457031
1.0
51.12702546296297
0.06675553321838379
1.0
9.86400462962963
0.07007622718811035
1.0
26.308834876543212
0.0669705867767334
1.0
11.843998015873016
0.0666968822479248
1.0
25.010333994708994
0.07016634941101074
1.0
24.342689043209877
0.06656599044799805
1.0
14.986645299145296
0.06981444358825684
1.0
54.61660879629629
0.0671689510345459
1.0
12.42115162037037
0.06626629829406738
1.0
119.38078703703704
0.06640291213989258
1.0
47.94994212962963
0.07031607627868652
1.0
45.31684027777778
0.06677007675170898
1.0
40.83429783950617
0.07012820243835449
1.0
11.796296296296296
0.07036423683166504
1.0
53.02951388888889
0.06739211082458496
1.0
26.027199074074076
0.0672006607055664
1.0
12.598958333333334
0.0684962272644043
1.0
17.664351851851855
0.06966567039489746
1.0
22.804398148148145
0.07019591331481934
1.0
19.72608024691358
0.07030272483825684
1.0
88.28993055555556
0.07028388977050781
1.0
92.32349537037038
0.07018828392028809
1.0
103.08738425925925
0.07026124000549316
1.0
18.64969135802469
0.0668494701385498
1.0
29.289930555555554
0.06776762008666992
1.0
25.84722222222222
0.0673360824584961
1.0
48.07098765432099
0.06705927848815918
1.0
41.72067901234568
0.06660223007202148
1.0
107.47685185185185
0.07039904594421387
1.0
104.43576388888889
0.06787419319152832
1.0
8.55324074074074
0.0704350471496582
1.0
11.548032407407407
0.06807065010070801
1.0
19.535108024691358
0.07047224044799805
1.0
36.41087962962963
0.07033705711364746
1.0
21.100501543209877
0.06772708892822266
1.0
15.418981481481485
0.06663274765014648
1.0
45.78125
0.0702676773071289
1.0
84.67592592592591
0.07094001770019531
1.0
15.788966049382717
0.06789088249206543
1.0
15.44994212962963
0.07028961181640625
1.0
12.644675925925926
0.07020878791809082
1.0
23.01215277777778
0.06846499443054199
1.0
15.238715277777779
0.07023477554321289
1.0
28.68865740740741
0.06722426414489746
1.0
52.75945216049383
0.0697636604309082
1.0
39.2896412037037
0.07027006149291992
1.0
41.91550925925927
0.06798577308654785
1.0
112.80960648148148
0.07019639015197754
1.0
53.098958333333336
0.06766986846923828
1.0
61.76215277777778
0.0677645206451416
1.0
9.597800925925926
0.0699911117553711
1.0
51.33680555555556
0.07028913497924805
1.0
45.373263888888886
0.06803202629089355
1.0
11.42168209876543
0.07030320167541504
1.0
0.0
0.06704211235046387
1.0
0.0
0.0678253173828125
1.0
0.0
0.06701970100402832
1.0
0.0
0.07034850120544434
1.0
30.71831597222222
0.06700015068054199
1.0
26.630787037037038
0.07042932510375977
1.0
29.61226851851852
0.06751847267150879
1.0
9.27734375
0.06700301170349121
1.0
12.559317129629628
0.0702829360961914
1.0
8.667052469135804
0.07048606872558594
1.0
10.186149691358025
0.07033824920654297
1.0
38.41435185185185
0.07024073600769043
1.0
10.804398148148149
0.07029104232788086
1.0
9.834104938271606
0.07036280632019043
1.0
12.761863425925926
0.07010507583618164
1.0
22.05439814814815
0.07104873657226562
1.0
8.861400462962962
0.06693577766418457
1.0
10.081018518518519
0.07002854347229004
1.0
9.311342592592592
0.06763887405395508
1.0
27.513985339506167
0.06699872016906738
1.0
28.53819444444444
0.0671529769897461
1.0
9.326292438271606
0.06757569313049316
1.0
28.840856481481477
0.07032418251037598
1.0
10.024594907407408
0.07013678550720215
1.0
13.105324074074073
0.07007455825805664
1.0
9.320023148148149
0.07022261619567871
1.0
17.509645061728396
0.07052826881408691
1.0
9.501074735449736
0.07012677192687988
1.0
27.285397376543212
0.07036447525024414
1.0
9.155092592592592
0.06774473190307617
1.0
24.470486111111114
0.07036280632019043
1.0
8.109375
0.07001757621765137
1.0
29.511574074074076
0.07030367851257324
1.0
22.93320105820106
0.0662693977355957
1.0
34.58695023148148
0.06800127029418945
1.0
53.359375
0.07036089897155762
1.0
39.755015432098766
0.07005596160888672
1.0
19.76231812169312
0.0699911117553711
1.0
8.529369212962962
0.07006216049194336
1.0
15.167824074074073
0.06691479682922363
1.0
7.842078189300413
0.07022905349731445
1.0
105.26041666666667
0.0700540542602539
1.0
32.41608796296296
0.07017803192138672
1.0
130.7957175925926
0.0703127384185791
1.0
25.772569444444443
0.07017087936401367
1.0
94.10011574074075
0.06764507293701172
1.0
26.230324074074076
0.07035493850708008
1.0
11.972222222222221
0.07016897201538086
1.0
14.113136574074074
0.0677788257598877
1.0
15.069444444444443
0.06691575050354004
1.0
5.352527006172839
0.06662130355834961
1.0
10.083550347222221
0.06793498992919922
1.0
5.011160714285715
0.06659698486328125
1.0
6.50462962962963
0.06780362129211426
1.0
7.536651234567902
0.0671837329864502
1.0
6.0165895061728385
0.06625676155090332
1.0
5.0405092592592595
0.06733822822570801
1.0
12.298032407407408
0.06676101684570312
1.0
6.892361111111112
0.07046031951904297
1.0
8.00684799382716
0.06821560859680176
1.0
38.036265432098766
0.06865406036376953
1.0
7.991898148148149
0.06781458854675293
1.0
9.129050925925927
0.0701596736907959
1.0
15.269097222222221
0.07030415534973145
1.0
5.940393518518519
0.06776309013366699
1.0
8.015046296296296
0.06687378883361816
1.0
12.905092592592592
0.07036948204040527
1.0
64.13483796296296
0.06927680969238281
1.0
143.19444444444446
0.06704974174499512
1.0
0.0
0.06769204139709473
1.0
0.0
0.0668947696685791
1.0
46.54803240740741
0.07027220726013184
1.0
38.48765432098765
0.0701904296875
1.0
41.9434799382716
0.06671619415283203
1.0
21.803902116402117
0.06687235832214355
1.0
26.460069444444446
0.06723785400390625
1.0
15.762080439814815
0.0702674388885498
1.0
16.65798611111111
0.06792831420898438
1.0
15.021862139917694
0.0676569938659668
1.0
13.992476851851853
0.06651687622070312
1.0
22.233796296296298
0.0703740119934082
1.0
24.787326388888886
0.07040095329284668
1.0
39.802276234567906
0.0678262710571289
1.0
6.168016975308642
0.06790494918823242
1.0
16.059027777777775
0.06834912300109863
1.0
19.678406084656086
0.06725668907165527
1.0
14.464216820987653
0.06672096252441406
1.0
12.158203125
0.06682968139648438
1.0
16.19878472222222
0.06676936149597168
1.0
13.743386243386244
0.06793737411499023
1.0
18.875868055555554
0.07040667533874512
1.0
29.605758101851848
0.06664800643920898
1.0
40.73206018518518
0.07022953033447266
1.0
42.84577546296296
0.06657123565673828
1.0
19.82301311728395
0.07082581520080566
1.0
17.201244212962962
0.06741762161254883
1.0
17.937748015873016
0.06669831275939941
1.0
30.910011574074076
0.06978297233581543
1.0
32.214988425925924
0.06650066375732422
1.0
17.32494212962963
0.06648826599121094
1.0
39.45081018518518
0.0662992000579834
1.0
11.244695216049381
0.07001662254333496
1.0
46.3744212962963
0.06670284271240234
1.0
19.966724537037035
0.06989359855651855
1.0
37.09852430555555
0.06713342666625977
1.0
56.39756944444444
0.07001781463623047
1.0
15.71635251322751
0.07022523880004883
1.0
7.7459490740740735
0.06810164451599121
1.0
12.805555555555557
0.0700218677520752
1.0
8.236400462962962
0.06696295738220215
1.0
25.37615740740741
0.06778287887573242
1.0
13.802083333333332
0.06857943534851074
1.0
48.541666666666664
0.06855297088623047
1.0
39.79456018518518
0.06635570526123047
1.0
27.945601851851855
0.06662583351135254
1.0
10.653935185185185
0.06685948371887207
1.0
14.788773148148149
0.07011198997497559
1.0
9.537037037037038
0.0665128231048584
1.0
0.0
0.06664466857910156
1.0
30.134548611111107
0.06621956825256348
1.0
13.659060846560847
0.06994509696960449
1.0
16.316550925925924
0.06989073753356934
1.0
21.14185474537037
0.06850147247314453
1.0
9.690393518518519
0.06741476058959961
1.0
23.03240740740741
0.07017827033996582
1.0
32.28587962962963
0.06677770614624023
1.0
10.23189484126984
0.06673836708068848
1.0
11.226128472222221
0.06789636611938477
1.0
17.892939814814817
0.0670769214630127
1.0
15.050347222222223
0.06699752807617188
1.0
23.055555555555554
0.06758642196655273
1.0
28.474151234567902
0.06693029403686523
1.0
9.25636574074074
0.07028627395629883
1.0
25.536747685185187
0.06694149971008301
1.0
15.846354166666666
0.06840801239013672
1.0
3.414351851851852
0.06650352478027344
1.0
48.5619212962963
0.07010030746459961
1.0
26.902488425925927
0.07042264938354492
1.0
0.0
0.06760430335998535
1.0
9.302662037037036
0.06789875030517578
1.0
38.820408950617285
0.06629395484924316
1.0
32.32060185185185
0.06677699089050293
1.0
39.90547839506173
0.06774282455444336
1.0
15.247395833333334
0.07010698318481445
1.0
15.722294560185185
0.06696414947509766
1.0
29.679301697530864
0.06675577163696289
1.0
19.386574074074073
0.06687712669372559
1.0
15.772207754629632
0.06655621528625488
1.0
24.65939153439154
0.0665903091430664
1.0
21.300636574074073
0.06665349006652832
1.0
23.134765624999996
0.06640052795410156
1.0
31.3449074074074
0.06979250907897949
1.0
39.946469907407405
0.07011699676513672
1.0
36.09519675925926
0.07025885581970215
1.0
12.03125
0.0700838565826416
1.0
9.722222222222221
0.06704449653625488
1.0
16.00896990740741
0.0673832893371582
1.0
17.65190972222222
0.06745648384094238
1.0
13.558063271604942
0.07017183303833008
1.0
3.858506944444444
0.06772971153259277
1.0
14.076003086419753
0.07007336616516113
1.0
16.935763888888886
0.06929230690002441
1.0
20.321180555555557
0.07018446922302246
1.0
5.788966049382716
0.06740331649780273
1.0
15.298032407407407
0.06645488739013672
1.0
19.53595196759259
0.06659603118896484
1.0
15.965470679012347
0.06968355178833008
1.0
11.846643518518519
0.0674140453338623
1.0
21.841001157407405
0.06660079956054688
1.0
38.95370370370371
0.06783628463745117
1.0
24.80150462962963
0.07029891014099121
1.0
39.63107638888889
0.06667041778564453
1.0
44.464699074074076
0.06746244430541992
1.0
24.834346064814813
0.06673026084899902
1.0
16.24565972222222
0.06693363189697266
1.0
22.447916666666664
0.06663107872009277
1.0
9.558738425925926
0.06654477119445801
1.0
19.34220679012346
0.0666344165802002
1.0
36.36863425925926
0.06684279441833496
1.0
50.37326388888889
0.06680679321289062
1.0
15.911458333333332
0.06783080101013184
1.0
39.513888888888886
0.06671929359436035
1.0
39.02705439814815
0.06686282157897949
1.0
15.09375
0.06675291061401367
1.0
30.545138888888893
0.0672452449798584
1.0
32.62037037037037
0.06640315055847168
1.0
42.265625
0.0669412612915039
1.0
7.355806327160494
0.06664419174194336
1.0
32.01793981481481
0.07018494606018066
1.0
16.08603395061728
0.0688321590423584
1.0
12.391203703703704
0.06990289688110352
1.0
17.71954571759259
0.0671393871307373
1.0
11.93214699074074
0.07035279273986816
1.0
11.764520202020202
0.06996726989746094
1.0
18.974729938271604
0.06995725631713867
1.0
5.327690972222222
0.06923413276672363
1.0
11.824494949494948
0.07071638107299805
1.0
12.084780092592593
0.07025456428527832
1.0
15.911458333333332
0.0675802230834961
1.0
13.738425925925926
0.07024168968200684
1.0
4.982638888888889
0.07050943374633789
1.0
0.0
0.06784224510192871
1.0
57.135416666666664
0.07023859024047852
1.0
26.158854166666664
0.07033991813659668
1.0
0.0
0.06675434112548828
1.0
6.144868827160494
0.07030677795410156
1.0
15.329861111111112
0.06693887710571289
1.0
16.472800925925924
0.06679558753967285
1.0
6.171875
0.06773996353149414
1.0
0.0
0.07040023803710938
1.0
0.0
0.06721043586730957
1.0
12.38136574074074
0.06676506996154785
1.0
16.085069444444443
0.06754231452941895
1.0
11.576244212962964
0.07032322883605957
1.0
17.20196759259259
0.06684994697570801
1.0
0.0
0.06732034683227539
1.0
0.0
0.0689554214477539
1.0
16.140046296296298
0.06656837463378906
1.0
3.9583333333333335
0.06778860092163086
1.0
13.098958333333334
0.06763792037963867
1.0
10.921585648148149
0.0681295394897461
1.0
0.0
0.07023143768310547
1.0
21.62326388888889
0.06819295883178711
1.0
8.116319444444445
0.06857156753540039
1.0
4.600694444444445
0.07026839256286621
1.0
0.0
0.06693625450134277
1.0
0.0
0.07027173042297363
1.0
7.060185185185185
0.06791138648986816
1.0
0.0
0.07025837898254395
1.0
13.195167824074073
0.06781411170959473
1.0
11.963252314814815
0.07109808921813965
1.0
7.407407407407407
0.06802248954772949
1.0
12.835648148148149
0.06707525253295898
1.0
13.958333333333334
0.0703434944152832
1.0
10.205439814814815
0.06715798377990723
1.0
17.724729938271604
0.06693458557128906
1.0
50.295138888888886
0.06848716735839844
1.0
58.88599537037037
0.06671452522277832
1.0
115.859375
0.07021498680114746
1.0
110.94328703703704
0.06669306755065918
1.0
13.828125
0.06680464744567871
1.0
0.0
0.07020020484924316
1.0
0.0
0.0680851936340332
0.8666666666666667
0.0
0.0665750503540039
1.0
22.80960648148148
0.0664520263671875
1.0
0.0
0.0667884349822998
1.0
0.0
0.06793665885925293
0.9666666666666667
0.0
0.0664210319519043
0.8333333333333334
0.0
0.06934618949890137
0.5666666666666667
0.0
0.0666506290435791
0.7666666666666667
0.0
0.0680990219116211
0.8666666666666667
0.0
0.06852865219116211
1.0
1.0416666666666667
0.06679677963256836
1.0
0.0
0.06646847724914551
1.0
28.291377314814813
0.06808996200561523
1.0
40.651041666666664
0.07028484344482422
1.0
0.0
0.06991124153137207
1.0
9.23900462962963
0.06888437271118164
1.0
0.0
0.06820249557495117
1.0
38.301504629629626
0.07032895088195801
1.0
8.211805555555555
0.07047343254089355
1.0
0.0
0.07005143165588379
0.9333333333333333
0.0
0.06756711006164551
1.0
12.881944444444445
0.06711101531982422
1.0
6.938657407407407
0.06979680061340332
1.0
21.76215277777778
0.07020211219787598
1.0
50.99537037037037
0.06675481796264648
1.0
16.82146990740741
0.06664633750915527
1.0
23.478973765432098
0.06783294677734375
1.0
64.86979166666666
0.06748366355895996
1.0
22.270688657407412
0.06647920608520508
1.0
17.059220679012345
0.07013225555419922
1.0
14.139178240740742
0.06760954856872559
1.0
16.828703703703702
0.07006287574768066
1.0
0.0
0.07008528709411621
1.0
27.23090277777778
0.06686067581176758
1.0
17.332899305555554
0.06748366355895996
1.0
39.64554398148148
0.06792831420898438
1.0
49.94502314814815
0.06703066825866699
1.0
13.574942129629632
0.06640434265136719
1.0
82.01967592592592
0.06717944145202637
1.0
12.525077160493828
0.06930994987487793
1.0
42.998649691358025
0.06643223762512207
1.0
108.47222222222223
0.06778573989868164
1.0
47.030285493827165
0.06687450408935547
1.0
0.0
0.06676721572875977
1.0
6.11207561728395
0.0700075626373291
1.0
0.0
0.0670626163482666
1.0
5.286458333333334
0.07055544853210449
1.0
0.0
0.07019853591918945
1.0
35.86226851851852
0.06985163688659668
1.0
13.466435185185185
0.07018542289733887
1.0
12.835648148148149
0.06992077827453613
1.0
16.85474537037037
0.06660079956054688
1.0
16.77951388888889
0.07003259658813477
1.0
19.80902777777778
0.07010459899902344
1.0
22.203414351851855
0.07014298439025879
1.0
64.29976851851852
0.07020401954650879
1.0
21.517650462962962
0.06908464431762695
1.0
14.989390432098764
0.06695985794067383
1.0
30.203993055555557
0.0695343017578125
1.0
4.259837962962964
0.06681585311889648
1.0
2.149884259259259
0.07013726234436035
1.0
4.130787037037037
0.06984829902648926
1.0
7.387152777777779
0.06971883773803711
1.0
6.389853395061728
0.0673832893371582
1.0
13.046875
0.06952381134033203
1.0
4.887152777777778
0.0674278736114502
1.0
0.0
0.06988954544067383
1.0
14.558738425925927
0.06950139999389648
1.0
2.595486111111111
0.0701894760131836
1.0
0.0
0.0675210952758789
1.0
0.0
0.07014632225036621
1.0
24.058641975308642
0.06622600555419922
1.0
39.132667824074076
0.06655502319335938
1.0
16.321614583333336
0.07018542289733887
1.0
23.267746913580243
0.06736636161804199
1.0
21.610243055555557
0.07016134262084961
1.0
8.974247685185185
0.0671086311340332
1.0
11.450617283950615
0.0672144889831543
1.0
57.34664351851852
0.06653761863708496
1.0
19.505690586419753
0.06676769256591797
1.0
9.595871913580247
0.06664323806762695
1.0
20.319251543209877
0.07029604911804199
1.0
14.085648148148149
0.06767868995666504
1.0
17.259837962962962
0.07027435302734375
1.0
9.771894290123456
0.06718158721923828
1.0
57.93547453703704
0.06920027732849121
1.0
10.45775462962963
0.06630945205688477
1.0
47.260802469135804
0.06769323348999023
1.0
17.98900462962963
0.07012677192687988
1.0
111.84027777777779
0.07020998001098633
1.0
17.689525462962962
0.0676271915435791
1.0
12.297453703703702
0.07021188735961914
1.0
9.578125
0.07013940811157227
1.0
21.825810185185183
0.06785392761230469
1.0
34.56886574074075
0.07003426551818848
1.0
17.596450617283953
0.07010459899902344
1.0
34.19487847222222
0.06984949111938477
1.0
14.617091049382715
0.07028627395629883
1.0
144.96527777777777
0.06708383560180664
1.0
0.0
0.07022237777709961
1.0
99.93923611111111
0.06670856475830078
1.0
34.38657407407407
0.06640219688415527
1.0
25.269579475308642
0.06597375869750977
1.0
35.546875
0.06695008277893066
1.0
23.605324074074076
0.07014226913452148
1.0
115.00868055555556
0.07028722763061523
1.0
21.66377314814815
0.0698556900024414
1.0
16.832561728395063
0.06662726402282715
1.0
40.70312499999999
0.06844425201416016
1.0
19.050925925925927
0.06693434715270996
1.0
81.96180555555556
0.06622934341430664
1.0
10.09548611111111
0.06979870796203613
1.0
76.89525462962963
0.06988954544067383
1.0
14.43359375
0.06993412971496582
1.0
7.033564814814815
0.07014632225036621
1.0
36.49884259259259
0.06971883773803711
1.0
66.5306712962963
0.06661486625671387
1.0
8.490547839506172
0.06713747978210449
1.0
0.0
0.07003355026245117
1.0
45.633680555555564
0.07107353210449219
1.0
36.848958333333336
0.07017707824707031
1.0
71.71006944444444
0.06893062591552734
1.0
5.99633487654321
0.06977319717407227
1.0
7.324218749999999
0.06972289085388184
1.0
63.08159722222223
0.06932854652404785
1.0
38.941695601851855
0.06999611854553223
1.0
8.233989197530866
0.06752562522888184
1.0
0.0
0.06985354423522949
1.0
0.0
0.06995749473571777
1.0
5.141782407407407
0.06999826431274414
1.0
6.54389880952381
0.06621885299682617
1.0
29.988425925925927
0.07005119323730469
1.0
8.466435185185185
0.06973600387573242
1.0
64.38657407407408
0.0666356086730957
1.0
22.777777777777775
0.06650686264038086
1.0
9.441550925925926
0.0699014663696289
1.0
0.0
0.06986451148986816
1.0
0.0
0.06677055358886719
1.0
5.1186342592592595
0.06627607345581055
1.0
0.0
0.06639862060546875
1.0
8.92361111111111
0.06686902046203613
1.0
5.701388888888888
0.06664204597473145
1.0
8.755063657407408
0.07009077072143555
1.0
9.172453703703704
0.0663456916809082
1.0
23.778935185185187
0.06776547431945801
1.0
46.59432870370371
0.06859111785888672
1.0
0.0
0.06856060028076172
1.0
18.515625
0.06636190414428711
1.0
131.68402777777777
0.07048416137695312
1.0
46.161265432098766
0.06660866737365723
1.0
0.0
0.0698542594909668
0.9666666666666667
0.0
0.06713628768920898
1.0
70.27199074074073
0.06995630264282227
1.0
67.83564814814815
0.06650400161743164
1.0
103.25810185185185
0.06923413276672363
1.0
0.0
0.06961631774902344
0.7666666666666667
0.0
0.0674905776977539
0.9666666666666667
0.0
0.06644487380981445
1.0
0.0
0.07026124000549316
1.0
0.0
0.0699930191040039
1.0
0.0
0.06988525390625
1.0
2.231867283950617
0.06683754920959473
1.0
0.0
0.06665277481079102
1.0
8.330439814814815
0.06701803207397461
1.0
14.483989197530866
0.07002043724060059
1.0
22.841435185185183
0.06779193878173828
1.0
0.0
0.06672096252441406
0.13333333333333333
0.0
0.06949234008789062
0.0
0.0
0.06959843635559082
0.03333333333333333
0.0
0.06655216217041016
0.0
0.0
0.06671357154846191
0.06666666666666667
0.0
0.06659531593322754
0.0
0.0
0.06672835350036621
0.0
0.0
0.07064938545227051
0.6333333333333333
0.0
0.07017660140991211
1.0
10.461226851851851
0.06993293762207031
1.0
22.710262345679013
0.07021737098693848
1.0
54.16956018518519
0.0700685977935791
1.0
65.51070601851852
0.06725621223449707
1.0
45.723379629629626
0.06998777389526367
1.0
110.90567129629629
0.06773257255554199
1.0
36.90972222222222
0.0699620246887207
1.0
25.655864197530864
0.07102823257446289
1.0
18.12596450617284
0.06655120849609375
1.0
37.43923611111111
0.06656885147094727
1.0
14.61009837962963
0.0666050910949707
1.0
10.935921717171716
0.06903791427612305
1.0
16.082589285714285
0.06690049171447754
1.0
13.820408950617283
0.07012820243835449
1.0
14.377893518518519
0.06651854515075684
1.0
10.985243055555555
0.06741046905517578
1.0
91.91840277777777
0.07005834579467773
1.0
41.27218364197531
0.0666348934173584
1.0
34.985532407407405
0.0687105655670166
1.0
30.87384259259259
0.06801891326904297
1.0
22.20196759259259
0.06974959373474121
1.0
28.42230902777778
0.0663604736328125
1.0
45.87818287037037
0.06634330749511719
1.0
17.26417824074074
0.06677031517028809
1.0
58.41820987654321
0.06974339485168457
1.0
26.95939429012346
0.06652045249938965
1.0
41.98206018518518
0.06666326522827148
1.0
4.597222222222222
0.06661224365234375
1.0
17.164930555555557
0.06694531440734863
1.0
128.27256944444443
0.06645417213439941
1.0
17.60199652777778
0.07042646408081055
1.0
29.252025462962965
0.06966543197631836
1.0
28.341435185185183
0.06998062133789062
1.0
69.81770833333333
0.06843256950378418
1.0
118.81944444444444
0.06965112686157227
1.0
48.31741898148148
0.06626749038696289
1.0
43.23591820987654
0.06843066215515137
1.0
25.70601851851852
0.06743073463439941
1.0
25.91724537037037
0.06715846061706543
1.0
22.550154320987655
0.0692746639251709
1.0
14.684606481481481
0.07094407081604004
1.0
16.77777777777778
0.06922030448913574
1.0
21.368634259259256
0.06981182098388672
1.0
38.68441358024691
0.06989622116088867
1.0
27.491319444444443
0.06834030151367188
1.0
21.44241898148148
0.06780838966369629
1.0
15.513117283950619
0.06967329978942871
1.0
61.694155092592595
0.06724166870117188
1.0
146.64641203703704
0.06639266014099121
1.0
27.2265625
0.06663107872009277
1.0
13.988715277777779
0.06657147407531738
1.0
27.129629629629626
0.06645035743713379
1.0
16.847029320987655
0.06701135635375977
1.0
13.510802469135802
0.0662996768951416
1.0
15.141782407407408
0.06649088859558105
1.0
14.328703703703704
0.06649136543273926
1.0
20.26909722222222
0.0664205551147461
1.0
40.30960648148148
0.06974220275878906
1.0
19.892939814814813
0.06630301475524902
1.0
32.631655092592595
0.06952786445617676
1.0
48.71720679012345
0.06942343711853027
1.0
23.642939814814813
0.066253662109375
1.0
94.67013888888889
0.0666360855102539
1.0
42.2559799382716
0.07014656066894531
1.0
58.24942129629629
0.06695747375488281
1.0
6.883680555555555
0.06992006301879883
1.0
19.02681327160494
0.06625986099243164
1.0
41.301118827160494
0.06633663177490234
1.0
27.908564814814817
0.06640219688415527
1.0
17.88570601851852
0.06584644317626953
1.0
24.10988136574074
0.06617212295532227
1.0
15.113490226337449
0.06624722480773926
1.0
16.755497685185183
0.06628251075744629
1.0
14.413194444444446
0.06689286231994629
1.0
16.68800636574074
0.0662994384765625
1.0
11.671785968660968
0.06649994850158691
1.0
11.468460648148147
0.06659340858459473
1.0
11.735904431216929
0.06611132621765137
1.0
12.162037037037038
0.06624865531921387
1.0
12.226228632478634
0.06630730628967285
1.0
9.893973214285714
0.06620025634765625
1.0
11.221245659722223
0.06683182716369629
1.0
10.505539021164022
0.06654572486877441
1.0
20.96527777777778
0.0666191577911377
1.0
10.403311965811964
0.06758975982666016
1.0
12.113715277777779
0.06671571731567383
1.0
10.951704545454547
0.06922030448913574
1.0
9.285120081018517
0.06630110740661621
1.0
10.097656249999998
0.06617307662963867
1.0
12.276007625272328
0.06648564338684082
1.0
10.870949074074074
0.06645083427429199
1.0
7.643886784511784
0.06979799270629883
1.0
14.108796296296294
0.06623697280883789
1.0
13.245081018518519
0.06637024879455566
1.0
8.971560846560845
0.06648564338684082
1.0
8.321759259259261
0.06981563568115234
1.0
9.17824074074074
0.06692719459533691
1.0
13.649305555555554
0.06626582145690918
1.0
34.13773148148148
0.06612300872802734
1.0
12.933545524691356
0.0662996768951416
1.0
9.542824074074074
0.06564688682556152
1.0
8.831741898148149
0.06659626960754395
1.0
15.803158068783068
0.06620931625366211
1.0
12.211612654320987
0.0664823055267334
1.0
14.695767195767193
0.06648421287536621
1.0
9.147858796296298
0.06682276725769043
1.0
4.522569444444445
0.06716060638427734
1.0
24.61998456790123
0.06945562362670898
1.0
35.876736111111114
0.07201480865478516
1.0
34.10807291666667
0.06894421577453613
1.0
37.69603587962963
0.06697964668273926
1.0
13.504774305555555
0.07239961624145508
1.0
9.830439814814813
0.06990337371826172
1.0
8.785807291666666
0.0671834945678711
1.0
9.99095775462963
0.06690192222595215
1.0
15.041956018518519
0.06948351860046387
1.0
13.68995949074074
0.06870818138122559
1.0
31.255465534979425
0.06706070899963379
1.0
31.651475694444443
0.06954455375671387
1.0
39.85243055555556
0.06967043876647949
1.0
38.19878472222222
0.06966948509216309
1.0
56.154513888888886
0.06621909141540527
1.0
20.45942644032922
0.06982707977294922
1.0
48.38541666666667
0.0696101188659668
1.0
21.739004629629626
0.06990766525268555
1.0
21.389531893004115
0.0698084831237793
1.0
39.96624228395061
0.06918478012084961
1.0
29.9832175925926
0.06745052337646484
1.0
29.112172067901238
0.0697627067565918
1.0
27.996238425925927
0.06701040267944336
1.0
19.336226851851855
0.06650805473327637
1.0
17.07097011784512
0.06609153747558594
1.0
25.865162037037038
0.06663131713867188
1.0
20.70955504115226
0.06621408462524414
1.0
18.988715277777782
0.06613826751708984
1.0
17.872620884773664
0.06667256355285645
1.0
21.708140432098762
0.06972813606262207
1.0
14.842923280423282
0.0691983699798584
1.0
15.710069444444446
0.06799006462097168
1.0
26.105324074074073
0.06614375114440918
1.0
23.772569444444443
0.0679330825805664
1.0
17.24363425925926
0.06882619857788086
1.0
14.723186728395062
0.07038259506225586
1.0
28.119695216049383
0.06870865821838379
1.0
24.929398148148145
0.06830644607543945
1.0
14.59201388888889
0.06953883171081543
1.0
12.17013888888889
0.06713199615478516
1.0
7.744984567901235
0.06948494911193848
1.0
9.24660011574074
0.06645822525024414
1.0
6.0638503086419755
0.06957411766052246
1.0
12.394386574074074
0.06618428230285645
1.0
53.36805555555555
0.0697486400604248
1.0
13.987268518518519
0.06644105911254883
1.0
28.419725529100532
0.06987977027893066
1.0
32.40972222222222
0.06679940223693848
1.0
61.734664351851855
0.0697629451751709
1.0
20.75882523148148
0.06646347045898438
1.0
27.138310185185187
0.06993579864501953
1.0
28.02589699074074
0.06981587409973145
1.0
44.156539351851855
0.06908464431762695
1.0
39.96238425925926
0.06982898712158203
1.0
53.210841049382715
0.06685471534729004
1.0
8.986441798941799
0.06990957260131836
1.0
12.35780423280423
0.06703662872314453
1.0
65.7421875
0.0673372745513916
1.0
14.741512345679016
0.0695950984954834
1.0
7.610435956790123
0.06661629676818848
1.0
9.017650462962964
0.06962418556213379
1.0
129.88715277777777
0.06619429588317871
1.0
22.899305555555557
0.06993436813354492
1.0
104.45891203703704
0.06673169136047363
1.0
44.44926697530864
0.06940078735351562
1.0
10.849247685185185
0.0679922103881836
1.0
10.643325617283951
0.06665205955505371
1.0
10.652488425925927
0.06783008575439453
1.0
100.38194444444444
0.06669926643371582
1.0
14.533420138888891
0.06639838218688965
1.0
32.185570987654316
0.06642723083496094
1.0
24.425475823045268
0.06630492210388184
1.0
20.76195987654321
0.06619763374328613
1.0
14.971788194444446
0.06714129447937012
1.0
23.58420138888889
0.0664358139038086
1.0
45.700810185185176
0.0667271614074707
1.0
9.997106481481483
0.06670784950256348
1.0
11.38764880952381
0.0663290023803711
1.0
18.28587962962963
0.0664830207824707
1.0
10.484182098765432
0.0661323070526123
1.0
4.887731481481482
0.06729435920715332
1.0
9.255125661375661
0.06644153594970703
1.0
26.592881944444446
0.06615519523620605
1.0
25.319251543209873
0.06974983215332031
1.0
35.25969328703703
0.06734514236450195
1.0
34.4044174382716
0.06592464447021484
1.0
42.698688271604944
0.06617259979248047
1.0
24.27228009259259
0.06652951240539551
1.0
55.42390046296296
0.06948447227478027
1.0
8.49537037037037
0.06772637367248535
1.0
15.578703703703702
0.0699155330657959
1.0
20.99247685185185
0.06980037689208984
1.0
21.67341820987654
0.06676602363586426
1.0
9.220065235690237
0.06959843635559082
1.0
15.190007716049385
0.06992435455322266
1.0
28.622685185185187
0.06972503662109375
1.0
54.02199074074074
0.06713271141052246
1.0
58.061342592592595
0.06975722312927246
1.0
43.772424768518526
0.06750822067260742
1.0
0.0
0.06662964820861816
1.0
19.806712962962962
0.06611132621765137
1.0
12.632740162037038
0.06593585014343262
1.0
8.572337962962964
0.06643438339233398
1.0
23.6766975308642
0.06968951225280762
1.0
59.910300925925924
0.06627964973449707
1.0
26.822916666666668
0.06670665740966797
1.0
9.743634259259261
0.06876707077026367
1.0
29.072420634920636
0.07001256942749023
1.0
23.511904761904763
0.06619811058044434
1.0
47.680121527777786
0.06627297401428223
1.0
18.90118634259259
0.06663322448730469
1.0
14.296875
0.0661783218383789
1.0
9.350887345679013
0.06567955017089844
1.0
9.18016975308642
0.0662682056427002
1.0
29.780919312169313
0.06616973876953125
1.0
10.689070767195767
0.06653738021850586
1.0
50.37519290123456
0.06642508506774902
1.0
14.78515625
0.06761789321899414
1.0
29.301697530864192
0.06669998168945312
1.0
36.10821759259259
0.06627607345581055
1.0
33.223379629629626
0.06674003601074219
1.0
13.727816358024691
0.06647849082946777
1.0
12.730955387205388
0.06610894203186035
1.0
12.670717592592595
0.06611275672912598
1.0
9.237764550264549
0.06638145446777344
1.0
14.447337962962962
0.06620001792907715
1.0
21.97048611111111
0.06609153747558594
1.0
27.48015873015873
0.0696558952331543
1.0
19.446548821548824
0.06634998321533203
1.0
28.248697916666664
0.06800365447998047
1.0
26.811342592592595
0.06741571426391602
1.0
29.64988425925926
0.06617498397827148
1.0
19.67158564814815
0.06624007225036621
1.0
21.215691137566136
0.06949853897094727
1.0
20.230516975308642
0.06603217124938965
1.0
14.272280092592592
0.06645488739013672
1.0
10.217737268518519
0.06956672668457031
1.0
16.128954475308642
0.0672600269317627
1.0
11.279658564814815
0.06991744041442871
1.0
15.951140873015873
0.06680488586425781
1.0
12.6295405982906
0.0662236213684082
1.0
14.675925925925926
0.06992387771606445
1.0
8.130787037037038
0.06982564926147461
1.0
16.60590277777778
0.07009005546569824
1.0
59.05815972222223
0.0700845718383789
1.0
21.044238683127574
0.06617116928100586
1.0
14.339313271604938
0.06648135185241699
1.0
29.96448863636364
0.06960082054138184
1.0
11.815682870370372
0.06709671020507812
1.0
18.609664351851855
0.06661677360534668
1.0
36.894675925925924
0.0662841796875
1.0
43.18938078703704
0.06649541854858398
1.0
36.70789930555556
0.0698082447052002
1.0
9.605034722222221
0.06974101066589355
1.0
18.232060185185183
0.07021188735961914
1.0
11.273148148148149
0.06966471672058105
1.0
36.30883487654321
0.06619596481323242
1.0
10.04292052469136
0.06640815734863281
1.0
16.067708333333332
0.06639790534973145
1.0
11.040702160493828
0.06623029708862305
1.0
3.7056327160493825
0.06965160369873047
1.0
24.10300925925926
0.06664896011352539
1.0
28.67476851851852
0.06644535064697266
1.0
19.499421296296298
0.06999039649963379
1.0
19.41189236111111
0.0671541690826416
1.0
13.540702160493828
0.0663599967956543
1.0
8.345871913580247
0.06974172592163086
1.0
11.683449074074074
0.06651568412780762
1.0
6.765769675925926
0.06831192970275879
1.0
17.6953125
0.06977510452270508
1.0
25.441743827160494
0.06991887092590332
1.0
15.572916666666666
0.06651091575622559
1.0
24.642650462962962
0.06735801696777344
1.0
26.83738425925926
0.0699455738067627
1.0
15.435474537037036
0.06619954109191895
1.0
18.641286375661373
0.06712651252746582
1.0
12.196800595238093
0.0699312686920166
1.0
5.516493055555555
0.0699152946472168
1.0
19.21778549382716
0.0668489933013916
1.0
8.298972800925926
0.06760859489440918
1.0
11.560185185185185
0.06982064247131348
1.0
12.262731481481481
0.06951761245727539
1.0
13.318287037037038
0.06970095634460449
1.0
11.302083333333337
0.06983208656311035
1.0
31.063850308641975
0.06624531745910645
1.0
25.149498456790127
0.06661534309387207
1.0
5.742476851851851
0.06999015808105469
1.0
0.0
0.06996679306030273
1.0
18.41550925925926
0.06614017486572266
1.0
9.205729166666668
0.06676912307739258
1.0
20.78197337962963
0.06665754318237305
1.0
21.524884259259256
0.06695389747619629
1.0
9.840856481481481
0.06989693641662598
1.0
16.75708912037037
0.06992745399475098
1.0
16.932291666666664
0.06651782989501953
1.0
22.080439814814817
0.0664374828338623
1.0
15.114293981481481
0.06985950469970703
1.0
61.974344135802475
0.06664204597473145
1.0
24.08564814814815
0.06620478630065918
1.0
21.46164021164021
0.06647109985351562
1.0
15.735918209876539
0.06611490249633789
1.0
17.431761188271604
0.06554889678955078
1.0
20.908564814814817
0.06609606742858887
1.0
14.979967948717947
0.06625986099243164
1.0
11.917892156862743
0.06636500358581543
1.0
8.171296296296296
0.06637907028198242
1.0
20.178158068783066
0.06636476516723633
1.0
14.944444444444446
0.06637787818908691
1.0
12.810088734567904
0.06637406349182129
1.0
14.341724537037038
0.06623435020446777
1.0
14.551504629629632
0.06624150276184082
1.0
10.75851521164021
0.06970024108886719
1.0
14.022714120370372
0.06990265846252441
0.9666666666666667
0.0
0.06640148162841797
0.0
0.0
0.06651878356933594
0.0
0.0
0.06994915008544922
0.7666666666666667
0.0
0.06676816940307617
1.0
27.406442901234566
0.06967282295227051
1.0
10.765817901234568
0.06766819953918457
1.0
6.427083333333334
0.0661323070526123
1.0
15.068721064814813
0.06612730026245117
1.0
9.095052083333334
0.06678223609924316
1.0
19.16919849537037
0.06659770011901855
1.0
13.051697530864198
0.06648111343383789
1.0
19.674961419753085
0.06631159782409668
1.0
14.116236772486772
0.0664207935333252
1.0
31.305941358024693
0.06657743453979492
1.0
19.5541351010101
0.06994462013244629
1.0
22.318190586419757
0.06685709953308105
1.0
16.941550925925927
0.06636214256286621
1.0
7.721836419753085
0.0664970874786377
1.0
10.982831790123457
0.06638550758361816
1.0
10.93212632275132
0.06640219688415527
1.0
14.597439236111112
0.06732940673828125
1.0
18.890993265993266
0.06645774841308594
1.0
13.62780448717949
0.06729555130004883
1.0
8.852851430976433
0.06687545776367188
1.0
26.96238425925926
0.06646227836608887
1.0
17.77364417989418
0.06734418869018555
1.0
13.655092592592595
0.06723237037658691
1.0
14.19945987654321
0.06999921798706055
1.0
6.350308641975309
0.07008099555969238
1.0
24.87268518518518
0.06769752502441406
1.0
36.423611111111114
0.06989693641662598
1.0
30.089699074074076
0.07003307342529297
1.0
27.69868827160494
0.06995344161987305
1.0
22.766493055555557
0.0700843334197998
1.0
23.803047839506178