0.050058603286743164
0.3262000335197787
22.546296296296294
0.04334092140197754
0.31461029202768387
26.180555555555557
0.041795969009399414
0.4484381544748063
4.930555555555555
0.043207645416259766
0.5539022710073148
55.03472222222223
0.04195690155029297
0.5680509021461835
28.260416666666668
0.04203319549560547
0.5756964386533866
24.763888888888886
0.04213714599609375
0.5976487613187281
33.454861111111114
0.04194903373718262
0.6042674702906079
28.391203703703706
0.0435941219329834
0.46102638044187544
24.936342592592595
0.04325127601623535
0.4913013192188311
12.886904761904761
0.04309535026550293
0.3645705276249662
19.624999999999996
0.04190850257873535
0.4282314320153519
17.00694444444445
0.04234433174133301
0.45963122198421186
16.0515873015873
0.04208540916442871
0.46226811502698106
24.694444444444446
0.04194331169128418
0.47781570005109825
37.03993055555556
0.0429692268371582
0.45579815951433944
11.840277777777779
0.044699907302856445
0.6443352686120859
41.9212962962963
0.042337656021118164
0.6899873082900408
31.314484126984127
0.04353213310241699
0.6307985173112153
54.861111111111114
0.04242348670959473
0.5870626600061806
88.71527777777779
0.04269838333129883
0.4124460410694201
42.829861111111114
0.042336225509643555
0.41708491701213085
31.018518518518515
0.04223465919494629
0.39701598376565894
15.925925925925926
0.04320979118347168
0.39668203627734516
15.68576388888889
0.04218602180480957
0.4670202247318627
12.916666666666668
0.04313397407531738
0.5371262853103053
17.229166666666668
0.04217672348022461
0.6198674905910594
21.8125
0.044252634048461914
0.5899380630475084
16.07638888888889
0.04320549964904785
0.5989907691686015
17.666666666666668
0.04372859001159668
0.5886387336278868
7.668650793650793
0.04432940483093262
0.5568658195050965
9.41964285714286
0.04310750961303711
0.578570075524018
20.364583333333332
0.0434262752532959
0.6020805711412344
8.125
0.042441606521606445
0.4555544188220305
13.570601851851853
0.04264998435974121
0.4929449306868879
15.243055555555555
0.04224228858947754
0.4563171878756974
22.395833333333332
0.04326915740966797
0.37683635636280893
0.0
0.043080806732177734
0.37852677728937817
0.0
0.04392266273498535
0.38922902960434663
35.254629629629626
0.04403877258300781
0.43254531158262827
30.654761904761905
0.04358696937561035
0.3971654347026899
35.22569444444444
0.042115211486816406
0.3127912536493112
12.782118055555557
0.042217254638671875
0.3868481084807306
10.15625
0.04235363006591797
0.4362389496823894
32.1875
0.04268980026245117
0.43858784452580174
51.92708333333333
0.04223942756652832
0.4738219610738307
42.09722222222223
0.042282819747924805
0.36357119704995317
52.418981481481474
0.04362893104553223
0.32852579138568766
22.40740740740741
0.04217386245727539
0.553630871132095
11.822916666666666
0.04344296455383301
0.450900501902972
31.9375
0.04219532012939453
0.41325154970285616
18.521825396825395
0.0422215461730957
0.4363365763145343
12.021604938271606
0.042156219482421875
0.4742017366879873
58.483796296296305
0.04382920265197754
0.38735537399559433
37.129629629629626
0.04201936721801758
0.3966708230783185
36.59722222222222
0.04334115982055664
0.3231623748284144
11.471354166666668
0.04227185249328613
0.329116849001144
15.37326388888889
0.042151451110839844
0.4316392805479541
18.819444444444446
0.04355478286743164
0.4092347153359662
21.73611111111111
0.04212760925292969
0.4081008550966355
16.03732638888889
0.043540239334106445
0.44923693432216344
45.76388888888889
0.04227781295776367
0.5297936565421145
34.27083333333333
0.04368853569030762
0.5124382583250007
0.0
0.04285144805908203
0.5498205622476476
32.06944444444444
0.04225564002990723
0.568974204866221
16.291666666666668
0.04308915138244629
0.5169764061119928
18.37962962962963
0.04216957092285156
0.5699315995181209
11.01388888888889
0.04254436492919922
0.6697617769128067
18.88888888888889
0.0423884391784668
0.6509604093353588
34.16666666666667
0.04255104064941406
0.6909593428014482
40.0
0.042395591735839844
0.48233446707754063
0.0
0.042339324951171875
0.4976241345007442
37.25694444444444
0.043936729431152344
0.5883155756231988
23.49537037037037
0.042476654052734375
0.5721379451376758
26.46990740740741
0.04283881187438965
0.543698855894508
38.33333333333333
0.042816162109375
0.615932210017138
67.39583333333333
0.043463945388793945
0.6101083744360747
58.08159722222222
0.04263710975646973
0.6980574562867528
12.586805555555555
0.042671918869018555
0.6325115392558104
20.104166666666664
0.04384469985961914
0.4051275899708394
53.09027777777777
0.04349398612976074
0.29056165674603146
29.861111111111114
0.043501853942871094
0.45473346526590314
13.819444444444445
0.04361748695373535
0.5053348527802551
0.0
0.044548988342285156
0.6301710075317389
29.694444444444446
0.04221510887145996
0.6486246490095613
57.37847222222222
0.04390287399291992
0.5365605225443999
17.430555555555557
0.042952537536621094
0.5213261022358211
19.82638888888889
0.04240703582763672
0.517420870275877
14.691840277777779
0.04436492919921875
0.5504342063926626
18.392857142857142
0.043634653091430664
0.5676966008692708
16.07638888888889
0.042331695556640625
0.5720304194245625
41.55092592592593
0.04217410087585449
0.5221103952858026
30.95486111111111
0.043732643127441406
0.4975587761012316
12.065972222222221
0.042314767837524414
0.557198452809687
25.810185185185187
0.04355597496032715
0.5744809910189079
25.034722222222225
0.04372358322143555
0.5760908393331255
17.25
0.043662071228027344
0.5399185338671988
28.013888888888893
0.0424962043762207
0.5530570293465688
36.822916666666664
0.044402122497558594
0.5126683901913854
25.46875
0.04388713836669922
0.5571339576186914
17.421875
0.04242277145385742
0.6184910538374597
20.70601851851852
0.042238712310791016
0.5355371720455849
16.701388888888893
0.0447080135345459
0.5513040344291363
25.520833333333332
0.04233503341674805
0.5292602024659437
27.89351851851852
0.043886423110961914
0.4769596274375156
82.13541666666667
0.04454660415649414
0.3094041428566342
20.833333333333332
0.043576955795288086
0.32773485401095165
21.258680555555557
0.04359173774719238
0.4047120191209427
97.01388888888889
0.04281902313232422
0.44115233009393734
15.243055555555555
0.04352426528930664
0.489512021175234
13.721064814814815
0.04354262351989746
0.44547550351742615
31.568287037037038
0.04237246513366699
0.5194966712908158
30.17361111111111
0.043744564056396484
0.3440536761095234
49.548611111111114
0.04381918907165527
0.285403971311703
17.368055555555554
0.04235720634460449
0.3628039301981481
23.913194444444446
0.044147491455078125
0.3466550871231486
11.149305555555555
0.04232025146484375
0.34479539841892065
24.324845679012345
0.04381442070007324
0.4020198382666356
28.671875
0.043494462966918945
0.40787842051742257
17.752976190476186
0.04248404502868652
0.46785547048839593
25.600198412698408
0.042658090591430664
0.43682996080344444
23.769841269841265
0.0426030158996582
0.4461895854030912
25.004960317460313
0.04449892044067383
0.3871829731317507
16.341145833333336
0.04347395896911621
0.37578921522960207
13.585069444444446
0.04245257377624512
0.3939890258638788
24.23611111111111
0.038576364517211914
0.39807534192641836
21.16898148148148
0.04200434684753418
0.375079164414396
32.31150793650794
0.04357719421386719
0.3921194208121676
22.055555555555554
0.04321146011352539
0.4113796380496418
45.138888888888886
0.042075395584106445
0.42270231014631116
27.816358024691354
0.04348921775817871
0.4419341097262988
26.195987654320984
0.04387831687927246
0.46137873108741584
11.253472222222223
0.043817996978759766
0.44005687339710436
11.583333333333332
0.04337263107299805
0.3990449720861652
43.78472222222223
0.044205427169799805
0.503256248803784
28.57638888888889
0.04248046875
0.3898884823845838
22.005208333333332
0.042318105697631836
0.4423615802402057
14.166666666666668
0.04243803024291992
0.43735151805762434
9.348958333333334
0.04250788688659668
0.3791704502354658
0.0
0.04249167442321777
0.3757460002212636
29.947916666666668
0.04346752166748047
0.43620162971524756
8.722222222222223
0.04391193389892578
0.4245630787824479
27.369791666666664
0.04380345344543457
0.5007712175198269
10.05787037037037
0.042546987533569336
0.4149196724997096
40.138888888888886
0.04254889488220215
0.3811619094609713
24.733796296296294
0.043352365493774414
0.4854183806485148
13.880208333333332
0.043759822845458984
0.4679596416325219
32.083333333333336
0.04362344741821289
0.4375963023712714
12.126736111111109
0.04416251182556152
0.4237737352241212
30.23148148148148
0.04361891746520996
0.5454938367281379
17.46527777777778
0.04284811019897461
0.4676573801040779
11.087962962962962
0.04242420196533203
0.4263096480507314
57.91666666666667
0.042911529541015625
0.39944841149188975
17.58101851851852
0.04409503936767578
0.3950554176236335
38.576388888888886
0.0435023307800293
0.3666753675518136
7.135416666666667
0.04252910614013672
0.3080729926770599
21.388888888888886
0.043736934661865234
0.3859254317969961
24.114583333333332
0.04377913475036621
0.36596799377433836
0.0
0.04367637634277344
0.4749155788517842
46.33680555555556
0.04463052749633789
0.4462319733949551
18.3125
0.042908430099487305
0.46949474593523
28.90972222222223
0.04313206672668457
0.44980160889866116
17.320601851851848
0.043527841567993164
0.49502835653985383
17.916666666666664
0.04372525215148926
0.4076014888826843
15.84201388888889
0.04388093948364258
0.3135825384181601
15.911458333333334
0.04285001754760742
0.24015256466408708
33.95833333333333
0.0440974235534668
0.25351566101151496
9.62673611111111
0.04258108139038086
0.26849127185130545
22.354166666666664
0.04367566108703613
0.21877145630960398
17.76909722222222
0.04392886161804199
0.2403084699805493
13.854166666666666
0.04340958595275879
0.22765620271869783
11.9375
0.044565439224243164
0.28442386541976217
27.84722222222222
0.042630910873413086
0.28978197066100914
17.96875
0.04346632957458496
0.24739324458364703
18.993055555555554
0.04294085502624512
0.3766827205812937
9.39236111111111
0.04281926155090332
0.2971066572675582
29.72222222222222
0.043562889099121094
0.26030987298089664
5.642361111111111
0.04340386390686035
0.2677457252641437
13.041666666666668
0.04435086250305176
0.2371629140957167
18.375
0.0438692569732666
0.2921128147360456
0.0
0.04365253448486328
0.3653797068511619
19.756944444444446
0.04267597198486328
0.3533022889874418
17.274305555555554
0.04407215118408203
0.22074228690467554
5.138888888888889
0.042661190032958984
0.264671307814526
29.93055555555556
0.042691707611083984
0.2690376336671572
50.27777777777778
0.0429835319519043
0.2805880453665392
27.248263888888886
0.04419589042663574
0.27723247395463807
19.46527777777778
0.04364776611328125
0.303233291177025
19.618055555555554
0.04403400421142578
0.3303274110781002
23.654513888888886
0.043897151947021484
0.2910189044287952
16.225198412698415
0.042673349380493164
0.2060047877229418
30.017361111111107
0.04398465156555176
0.18062607870243302
7.494212962962962
0.04384016990661621
0.16376031556141854
6.400462962962964
0.0425875186920166
0.19257448572013874
4.548611111111112
0.04408884048461914
0.16575506209845914
19.909722222222225
0.0434725284576416
0.19382495917963902
20.920138888888886
0.04252290725708008
0.1675933295256078
19.49652777777778
0.04400229454040527
0.21426058149900687
22.04861111111111
0.04263591766357422
0.2352135191257483
6.145833333333334
0.04385781288146973
0.2149286486098303
10.850694444444443
0.04323935508728027
0.1828178010440769
5.590277777777778
0.04334282875061035
0.1894538774573671
2.0238095238095237
0.04488396644592285
0.15317732398062398
11.666666666666666
0.04435992240905762
0.16924033170482758
28.546626984126984
0.04483437538146973
0.29270800949670367
33.00925925925926
0.04252481460571289
0.33093596592332697
17.52314814814815
0.04274463653564453
0.3858171249482364
0.0
0.044068098068237305
0.4569367542422548
22.291666666666664
0.04446554183959961
0.42968577988761986
11.765873015873016
0.042574405670166016
0.4605727319523794
50.55555555555556
0.042801856994628906
0.31102047937487654
29.78009259259259
0.043512582778930664
0.22109174396998138
11.684027777777779
0.04335737228393555
0.22487469903104582
5.868055555555555
0.04348397254943848
0.254467041672924
9.930555555555555
0.04408740997314453
0.2955789797191735
15.104166666666668
0.04283928871154785
0.44026967877149586
25.625
0.042580604553222656
0.38458460965326025
20.243055555555557
0.043946027755737305
0.4112271559131288
11.307870370370372
0.0424807071685791
0.4070740329111384
39.14930555555555
0.0426633358001709
0.35735936607553503
5.416666666666667
0.04398798942565918
0.32011362334297794
31.449652777777775
0.0427854061126709
0.3575844170384845
34.55555555555556
0.04345417022705078
0.3419974771993355
6.242283950617283
0.043816566467285156
0.35375219443576705
25.513888888888886
0.04570508003234863
0.3260974748051347
7.690972222222222
0.04401683807373047
0.34931640974569517
18.020833333333336
0.04364657402038574
0.31289850257026786
62.25694444444444
0.04488110542297363
0.2933860963001829
15.381944444444443
0.04256725311279297
0.3098662979051837
46.18055555555556
0.04499936103820801
0.35261299472018204
43.298611111111114
0.04398202896118164
0.34170330239715596
7.881944444444445
0.04267525672912598
0.3541290600320045
21.649305555555554
0.04378461837768555
0.3056406816594564
10.629960317460318
0.04363751411437988
0.30952839699930973
7.415123456790123
0.044317007064819336
0.3117899932296218
9.103009259259261
0.04267573356628418
0.2870393821926441
21.73611111111111
0.043786048889160156
0.2708804030630182
59.704861111111114
0.043756723403930664
0.27313933418616726
49.386574074074076
0.044019222259521484
0.2641640208287673
42.30324074074074
0.043908119201660156
0.33428796202196887
110.20833333333333
0.04383683204650879
0.31231897346515786
27.96527777777778
0.04238629341125488
0.30104060526401494
11.692708333333332
0.04458904266357422
0.32819369362844614
3.583333333333332
0.043694496154785156
0.25861577366501665
20.876736111111114
0.04240751266479492
0.31062281574127554
108.68055555555556
0.04237651824951172
0.3462817133365122
18.418209876543205
0.04257702827453613
0.33793484994436457
13.559027777777779
0.04229402542114258
0.3349547507841323
8.249421296296298
0.042533159255981445
0.34222159295022164
8.630050505050503
0.0426785945892334
0.3431532783743906
6.682098765432099
0.04244041442871094
0.33487300221489763
7.225694444444445
0.04240584373474121
0.35678937827357377
9.04224537037037
0.042818307876586914
0.39861566933198894
21.416666666666668
0.043761253356933594
0.3721990018524037
23.675595238095237
0.04375648498535156
0.33321704714959643
18.289930555555554
0.04393744468688965
0.4263690050430764
9.791666666666668
0.045011043548583984
0.33900488037050447
12.108134920634921
0.043608903884887695
0.35134668941576946
24.944444444444446
0.043682098388671875
0.3477071048670381
17.9224537037037
0.04368877410888672
0.340768552467086
14.740918803418804
0.043784141540527344
0.24476327338068696
35.90277777777777
0.04305672645568848
0.3066024047395332
14.652777777777779
0.04396820068359375
0.3401264002626528
13.4375
0.044010162353515625
0.33232197331980834
0.0
0.0427248477935791
0.3697582609891761
20.97222222222222
0.0431976318359375
0.29618016301009364
29.54861111111111
0.04404592514038086
0.39551563527210426
21.197916666666664
0.04404163360595703
0.35371790721012647
12.562500000000002
0.04260563850402832
0.36803564303377706
9.54861111111111
0.04400181770324707
0.4152334048073773
17.40451388888889
0.04265594482421875
0.3548478399725242
11.051587301587302
0.04254460334777832
0.3105997129336648
40.300925925925924
0.04328775405883789
0.4229028819094514
5.138888888888889
0.04238772392272949
0.4657128599559038
19.75
0.04288053512573242
0.4588023086200451
11.367187499999998
0.042623281478881836
0.5233311486800994
19.743055555555554
0.04305148124694824
0.47238462326604636
18.640873015873016
0.04349541664123535
0.5216362792424664
13.802083333333336
0.044562578201293945
0.4981953186147982
23.819444444444446
0.04352068901062012
0.5234872646653534
20.65972222222222
0.04350852966308594
0.5027039288874351
13.029513888888888
0.04367184638977051
0.48609999281001365
12.204861111111112
0.0425417423248291
0.46623678637242183
14.819444444444446
0.04259777069091797
0.47945437006308017
78.95833333333334
0.0447239875793457
0.45743855760337926
17.088293650793652
0.04236936569213867
0.4796723252857356
21.655092592592595
0.042806148529052734
0.5160335688235098
19.226190476190478
0.04387712478637695
0.5057725087944285
26.65178571428571
0.04403090476989746
0.5022633465062121
20.081018518518515
0.0426630973815918
0.4824466254974096
36.42361111111111
0.04279303550720215
0.33740185781380205
21.680555555555554
0.04411792755126953
0.4537547554040893
55.19675925925926
0.042528629302978516
0.5538724709632529
28.166035353535356
0.04279470443725586
0.528056448092295
44.13888888888889
0.04284334182739258
0.34981507149355856
43.47222222222223
0.04235219955444336
0.38021874540234385
13.693576388888888
0.04266858100891113
0.3762013211710768
11.658653846153848
0.042467355728149414
0.3991336851327582
12.658179012345679
0.04409909248352051
0.3662233798368174
10.444444444444441
0.04248046875
0.4066873923184622
10.51736111111111
0.042920827865600586
0.3540756643861515
26.40972222222222
0.044472694396972656
0.3664912557013515
19.00347222222222
0.042662620544433594
0.33448504618331915
27.9265873015873
0.04260563850402832
0.4006975358965011
7.1759259259259265
0.044141292572021484
0.5702698615022105
12.946047008547009
0.044023990631103516
0.5338439505159627
22.216435185185187
0.04333972930908203
0.36932060826478996
10.46875
0.04273629188537598
0.5359296128144704
0.0
0.042786598205566406
0.6184946807855444
34.99131944444444
0.042874813079833984
0.6756255342234163
0.0
0.04507946968078613
0.5308189311257917
28.06944444444444
0.04334092140197754
0.5458289805773926
0.0
0.04265189170837402
0.46835510804939245
34.28819444444444
0.044342756271362305
0.5714329490432237
27.595486111111114
0.043790340423583984
0.5589595240871308
28.31439393939395
0.04345440864562988
0.583133018366754
30.515873015873016
0.042742252349853516
0.7628003802223139
42.29166666666667
0.043560028076171875
0.6317659890549698
56.70138888888889
0.04400157928466797
0.6394013357597388
50.833333333333336
0.0434269905090332
0.472071555389336
48.611111111111114
0.044255971908569336
0.5128713089312951
11.180555555555555
0.04250335693359375
0.5903351121373562
0.0
0.04248523712158203
0.8388888888888889
0.0
0.04390144348144531
0.16666666666666666
41.354166666666664
0.0424191951751709
0.6602213264608836
93.36805555555556
0.04258251190185547
0.6358714961985701
28.055555555555557
0.04416370391845703
0.5809981684981687
0.0
0.042447805404663086
0.7584973191010344
38.142361111111114
0.04400157928466797
0.7439407428345375
31.229166666666664
0.043120384216308594
0.7349377798557365
34.61226851851852
0.04487752914428711
0.6864130035889631
33.26884920634921
0.0426943302154541
0.6343736785732413
43.83680555555556
0.04375123977661133
0.41274562895765
19.166666666666668
0.043700456619262695
0.44255316554472496
41.822916666666664
0.044104814529418945
0.6454258009302041
32.67361111111111
0.0424342155456543
0.7272383572617664
27.494658119658123
0.04279136657714844
0.6777825544057012
25.895833333333332
0.04254317283630371
0.7224214194412891
69.72222222222223
0.04252982139587402
0.7879280468986354
30.48611111111111
0.04375648498535156
0.656116424539228
45.9375
0.04357123374938965
0.5732100340052563
24.354166666666668
0.0427091121673584
0.38130036042806764
0.0
0.04302787780761719
0.31852067055976624
17.03125
0.04485630989074707
0.3936280989656602
16.432291666666668
0.04257559776306152
0.4159926357004349
15.850694444444443
0.04265332221984863
0.4059252518892115
35.06944444444444
0.04387497901916504
0.418837075696856
41.545138888888886
0.042302846908569336
0.4309965856987637
14.464285714285714
0.04267168045043945
0.4242365421340101
6.75925925925926
0.043036460876464844
0.3658170721246534
0.0
0.04255938529968262
0.411583974638842
16.73611111111111
0.0433804988861084
0.39702738508382585
10.028935185185185
0.04524421691894531
0.3727197209722905
13.125
0.04257798194885254
0.4210198403702956
6.571180555555555
0.044985294342041016
0.4774721836102074
22.22222222222222
0.0434269905090332
0.5089561707115988
14.097222222222223
0.04281949996948242
0.4295065103930238
0.0
0.04337167739868164
0.46592634817500483
30.989583333333336
0.0437769889831543
0.5260556285376556
16.20949074074074
0.0426480770111084
0.6228263217325226
8.550347222222221
0.04271697998046875
0.5138507003245937
7.118055555555555
0.04365396499633789
0.4373250665842671
16.979166666666668
0.04296994209289551
0.5463148491342971
107.74305555555554
0.04404568672180176
0.5084514379118658
44.84953703703704
0.042992353439331055
0.4455403363296665
13.472222222222221
0.0437469482421875
0.3560330329272198
18.622685185185187
0.04386711120605469
0.4915395835160805
41.90104166666667
0.04260993003845215
0.49128831348333
15.360576923076923
0.04276728630065918
0.538312679923112
23.567708333333336
0.0427553653717041
0.4751577958099571
28.016493055555557
0.04394888877868652
0.4914006596052178
65.46875
0.04417061805725098
0.41011407350240536
33.01388888888889
0.043070316314697266
0.38997809474289996
22.824074074074076
0.04302477836608887
0.4314410914926262
57.36111111111111
0.04280209541320801
0.4288476501126397
8.0625
0.04387831687927246
0.4983963358053444
14.9375
0.042990922927856445
0.51202967779094
11.760149572649574
0.0425565242767334
0.47589940609780845
11.689814814814815
0.042824506759643555
0.49496750592183425
11.167929292929294
0.043855905532836914
0.4793516779605855
8.810763888888888
0.04283857345581055
0.5294402557289279
17.32638888888889
0.043121337890625
0.5326100029795492
26.65123456790123
0.042943716049194336
0.5237822125351428
36.52777777777778
0.043045997619628906
0.47224993915816904
24.75
0.0431978702545166
0.4162344092707722
48.90046296296296
0.042789459228515625
0.4184933745264351
96.45833333333333
0.04291367530822754
0.40270850378857237
14.86689814814815
0.04297947883605957
0.47288920401110585
0.0
0.04424595832824707
0.5031100662270009
0.0
0.04298806190490723
0.4947460689693001
19.609375
0.04288482666015625
0.509290072381468
16.496913580246915
0.04375767707824707
0.4707533407529428
19.603174603174605
0.04289126396179199
0.49041573783934
41.770833333333336
0.04288148880004883
0.42919298391635385
64.75694444444444
0.04294872283935547
0.44704337292102275
30.21412037037037
0.04300665855407715
0.5336848520705012
48.02083333333333
0.04423832893371582
0.39566271313314333
44.22743055555556
0.043087005615234375
0.407330348210123
25.538194444444446
0.04406332969665527
0.4950717773011552
25.271990740740744
0.043048858642578125
0.44254021741651367
19.713541666666664
0.043109893798828125
0.4771019569470906
32.442129629629626
0.0429842472076416
0.5176993341848978
0.0
0.04285430908203125
0.47460236428549696
46.13194444444444
0.04299616813659668
0.5003805685631153
8.277777777777777
0.04286694526672363
0.4855112807371089
9.270833333333332
0.0431516170501709
0.48846275436375325
12.469618055555554
0.043039798736572266
0.5302674438394365
12.494212962962962
0.0428009033203125
0.48474086904804364
20.150462962962962
0.04292464256286621
0.4804171035013012
25.416666666666664
0.04304647445678711
0.497701422520568
23.333333333333332
0.04268813133239746
0.5342263694381788
18.407738095238095
0.042943716049194336
0.5953393814988018
10.017361111111112
0.04528665542602539
0.4556069103539578
11.572420634920633
0.04439854621887207
0.42606768198357464
10.601851851851853
0.04298853874206543
0.5429481563585209
24.149305555555557
0.042849063873291016
0.559622150486524
20.555555555555557
0.04300689697265625
0.6179812128489609
16.02777777777778
0.04294919967651367
0.5523636446995687
70.88541666666667
0.04364275932312012
0.5160962395336767
35.05208333333333
0.04382610321044922
0.4437470852227662
43.50694444444445
0.044068098068237305
0.4407334867487647
98.68055555555556
0.04273223876953125
0.4612295627294057
12.430555555555555
0.042745351791381836
0.487761269492503
118.22916666666667
0.043654441833496094
0.4167246576888129
0.0
0.04437971115112305
0.4383755778918391
0.0
0.04296088218688965
0.39857554790639094
104.47916666666667
0.04392576217651367
0.36479003955052774
4.212962962962963
0.04318356513977051
0.45288895905347276
51.36284722222222
0.04573488235473633
0.4535569033076774
71.64930555555556
0.045389652252197266
0.4390360049905076
11.822916666666668
0.04451560974121094
0.47571538347750936
50.46875
0.04274129867553711
0.46034359835584765
20.118055555555554
0.04281759262084961
0.4518232549495852
30.21990740740741
0.044573307037353516
0.4317176721847019
0.0
0.0437312126159668
0.47499723506301805
15.73611111111111
0.042766571044921875
0.5117975225147491
12.609126984126984
0.04585981369018555
0.36427534851044074
16.21527777777778
0.044069766998291016
0.3595116584640769
10.225694444444445
0.042816877365112305
0.4088475229805075
0.0
0.04308915138244629
0.4188291744948092
9.472222222222221
0.04289555549621582
0.3855471831644674
22.37847222222222
0.04410719871520996
0.38527763223192674
18.177083333333336
0.04418468475341797
0.3587927472728787
8.599537037037036
0.04282641410827637
0.5069700543495134
19.1875
0.04308676719665527
0.4207995391433672
6.604166666666667
0.04280424118041992
0.47078872869405314
56.5162037037037
0.042738914489746094
0.545701623215712
8.566468253968255
0.04287385940551758
0.4242866100929892
8.96329365079365
0.04273176193237305
0.5034038313103782
38.420138888888886
0.0433201789855957
0.4303572638125889
8.729166666666666
0.04439425468444824
0.41502002675540905
9.180555555555555
0.04409980773925781
0.5205679584421002
8.446180555555555
0.04298090934753418
0.3988301656615023
8.277777777777777
0.0428464412689209
0.47047103455913525
8.918650793650794
0.044176340103149414
0.508778224092488
30.180555555555554
0.042999982833862305
0.5139936426734278
14.04513888888889
0.04282331466674805
0.5170673621665682
7.868055555555557
0.04419970512390137
0.5226751579070421
8.318452380952381
0.04324650764465332
0.4740470395015645
6.276041666666667
0.04390263557434082
0.5270427247796118
8.829365079365079
0.04291105270385742
0.564289520999666
9.166666666666666
0.04287242889404297
0.5637826949968622
23.055555555555557
0.04280877113342285
0.5432974915380809
22.916666666666668
0.04444408416748047
0.5101812048921349
39.72222222222222
0.042702436447143555
0.4767522149528794
23.576388888888886
0.043645381927490234
0.5405112620736526
18.171296296296294
0.044318437576293945
0.47681754136575333
15.329861111111112
0.04325127601623535
0.35270607140060195
5.877976190476191
0.042891502380371094
0.4640492420047835
10.520833333333334
0.04413795471191406
0.538842580658094
43.93518518518518
0.044144392013549805
0.5036240315103738
71.89236111111111
0.044112205505371094
0.3927389244726453
19.72222222222222
0.04419398307800293
0.3614306905043846
18.37962962962963
0.04298686981201172
0.4060328259807272
25.584490740740737
0.04351162910461426
0.30954574382054756
12.048611111111112
0.04393601417541504
0.40302910137586917
30.885416666666668
0.04419064521789551
0.38240678907596026
134.58333333333334
0.043549537658691406
0.406321693282205
7.239583333333333
0.04381966590881348
0.4178572728653064
9.668209876543209
0.04407620429992676
0.42043903131639493
6.724537037037037
0.04273080825805664
0.3463966511460425
6.662808641975309
0.04281306266784668
0.4221509291563982
7.847222222222222
0.044167518615722656
0.4083841112151957
6.032986111111111
0.042836666107177734
0.5276034281197292
0.0
0.04403829574584961
0.48554826723786365
12.552083333333334
0.043981313705444336
0.4548705287657391
46.28472222222222
0.043027400970458984
0.40246305509224006
16.0625
0.04304218292236328
0.41070807249093105
21.73611111111111
0.04338526725769043
0.392744450837569
7.934027777777778
0.04425525665283203
0.40142199197630624
15.046296296296296
0.043889522552490234
0.47611558926072806
25.208333333333332
0.04288792610168457
0.4132497687025344
12.79513888888889
0.04386019706726074
0.48812710793206077
16.475694444444446
0.04535627365112305
0.3632745622708606
28.758680555555557
0.04441523551940918
0.3801054637229313
18.819444444444443
0.04304623603820801
0.4397321167454877
24.571759259259256
0.04301786422729492
0.6077931101933435
44.236111111111114
0.04347419738769531
0.6685185185185187
10.79861111111111
0.04343008995056152
0.5484509617208267
0.0
0.043457984924316406
0.5349606449838203
29.953703703703706
0.0442197322845459
0.4871984047904757
24.396701388888886
0.044821739196777344
0.5482803051916446
9.776234567901234
0.04419231414794922
0.5420160042971165
14.1796875
0.04436135292053223
0.5869367793421372
14.699074074074073
0.042836666107177734
0.5183935532219285
19.60503472222222
0.04294896125793457
0.48017240911623343
13.34911616161616
0.043679237365722656
0.45060696706923997
17.5
0.044556617736816406
0.4850994733675224
18.819444444444446
0.04281473159790039
0.589599905516065
19.544270833333332
0.04305863380432129
0.6010781318676524
38.25
0.04417109489440918
0.41238898984895744
29.756944444444443
0.04285073280334473
0.44162349049768074
20.68576388888889
0.04282093048095703
0.46664779480971386
16.54706790123457
0.04408550262451172
0.4711089142294034
17.039930555555557
0.04311013221740723
0.3568717568613082
13.472222222222223
0.04427051544189453
0.3755347962225832
18.343253968253972
0.04297804832458496
0.484048563540529
12.626262626262626
0.04347538948059082
0.4720597169796115
17.413194444444446
0.042955875396728516
0.41859743751921885
21.50462962962963
0.04303240776062012
0.5076319973996135
24.270833333333332
0.04367256164550781
0.4667052830538621
39.02777777777778
0.04549407958984375
0.4107259976507398
20.555555555555557
0.04278874397277832
0.43779422706005133
15.86111111111111
0.04346752166748047
0.42805930785866775
17.248263888888886
0.044358015060424805
0.425727396217119
24.17534722222222
0.04281282424926758
0.4560196786339832
26.76215277777778
0.042609214782714844
0.4960347617600937
18.34201388888889
0.043308258056640625
0.4816926852028835
25.43402777777778
0.04291844367980957
0.3468637041743216
25.375
0.04268813133239746
0.3404372479383696
50.55555555555556
0.04317641258239746
0.3482412266060049
31.655092592592595
0.042819976806640625
0.35825295720463074
45.47453703703704
0.04285693168640137
0.27008582113165736
56.597222222222214
0.04403233528137207
0.3002595804240423
5.902777777777778
0.0428311824798584
0.3789708798984161
13.000992063492063
0.042832374572753906
0.42558187338735987
13.323412698412696
0.04298114776611328
0.47324190921394493
21.89236111111111
0.0427861213684082
0.42909427690456314
26.38020833333333
0.044164180755615234
0.4731416439902571
18.348765432098762
0.04499316215515137
0.4796723358826159
18.124999999999996
0.0454556941986084
0.49538732623202164
32.00231481481482
0.04274702072143555
0.45909771301513336
18.493055555555557
0.04276013374328613
0.4015519787714219
8.368055555555557
0.04317784309387207
0.39067885082900483
22.1875
0.0429842472076416
0.3615924805388288
6.953125
0.04299473762512207
0.5056681648074371
42.29166666666667
0.04438591003417969
0.4747928464752288
49.13194444444445
0.0427250862121582
0.4241353024814396
9.282407407407407
0.0428006649017334
0.4511571646402824
25.75
0.0427858829498291
0.4923836752239405
16.126543209876544
0.044249534606933594
0.4660747410010471
31.65509259259259
0.0432584285736084
0.47018761158081035
30.694444444444443
0.042824745178222656
0.42159261751624244
27.402777777777782
0.04461669921875
0.5127986042292146
13.732638888888888
0.04315662384033203
0.481440151113229
20.95920138888889
0.0437469482421875
0.6047529214108776
26.553819444444446
0.04318857192993164
0.5943342855137153
25.104166666666668
0.04310774803161621
0.5958641824043799
23.48611111111111
0.0433650016784668
0.46301988456216214
14.020833333333334
0.043067216873168945
0.46000078657535964
27.685185185185187
0.04300403594970703
0.4642583404391185
39.32291666666667
0.043450117111206055
0.3458789420333159
19.0625
0.043793678283691406
0.3409228016276667
35.295138888888886
0.04370689392089844
0.5385720814565328
58.90625
0.04629039764404297
0.3982444371460389
133.19444444444446
0.04304051399230957
0.29664189046438794
15.868055555555555
0.04305529594421387
0.41139705407339006
38.36805555555556
0.043032169342041016
0.6376323807977982
23.33912037037037
0.04298830032348633
0.6039286124624949
33.63541666666667
0.04297947883605957
0.5771418966476731
13.14236111111111
0.04448103904724121
0.6210570262428878
20.674603174603174
0.04424762725830078
0.6009065262944463
18.23688271604938
0.0429532527923584
0.6427094469489739
33.4765625
0.04289841651916504
0.5827327063982516
23.611111111111107
0.04373526573181152
0.5908002875846746
23.76736111111111
0.04405784606933594
0.5907895972675287
21.836419753086417
0.044007301330566406
0.6013433954515772
25.195312499999996
0.04401731491088867
0.6088259720105441
25.21875
0.0428013801574707
0.6291436331003143
38.77314814814815
0.042700767517089844
0.6029357831415569
28.208333333333332
0.04367709159851074
0.3880589630616871
20.671296296296298
0.04420351982116699
0.24625262984333876
20.833333333333336
0.043378591537475586
0.46495362153560266
25.96064814814815
0.04287981986999512
0.5461984720004897
22.78935185185185
0.04320788383483887
0.48463385342935644
21.875
0.04341697692871094
0.4482297908063144
25.243055555555557
0.0446016788482666
0.3208084966578364
14.418402777777779
0.04315686225891113
0.380935160458313
23.810763888888893
0.042873382568359375
0.4082882932341138
19.322916666666668
0.04279828071594238
0.4100914973213834
45.45138888888889
0.04416632652282715
0.3834036150792774
14.288194444444445
0.04366445541381836
0.47543747946804965
29.357638888888886
0.04288053512573242
0.5295217752343764
21.90972222222222
0.04294753074645996
0.48294412997397596
23.18402777777778
0.04404115676879883
0.521670939465054
15.07440476190476
0.04366350173950195
0.4445958148465094
17.526041666666668
0.0430147647857666
0.464076903967702
21.82638888888889
0.044057369232177734
0.4960876206292103
15.480324074074074
0.04400014877319336
0.4926672643949247
20.017361111111114
0.043262481689453125
0.4703288098482952
18.194444444444446
0.04291224479675293
0.549862428124167
27.346230158730158
0.04408550262451172
0.5066136769135825
36.55555555555556
0.04314446449279785
0.46508938224366264
29.625
0.04398798942565918
0.4195616843795802
11.521464646464644
0.04294991493225098
0.47737399413294734
32.05555555555556
0.0442814826965332
0.4623358468820061
17.30902777777778
0.04298067092895508
0.4289813783141457
85.34722222222223
0.04276728630065918
0.45613788687447965
60.182291666666664
0.042885541915893555
0.502090209202487
30.97222222222222
0.04288911819458008
0.535010041035369
26.050347222222225
0.04318428039550781
0.4589477574502126
24.256944444444446
0.044026851654052734
0.5019810391756631
17.52314814814815
0.043096065521240234
0.5332504146053313
34.542824074074076
0.042909860610961914
0.51483898748845
27.26190476190476
0.04399442672729492
0.46728174290551533
27.743055555555554
0.042839765548706055
0.5103407475327137
14.826388888888888
0.04291033744812012
0.49252336402307006
21.510416666666668
0.04309868812561035
0.5219234469270885
17.524801587301585
0.04380488395690918
0.6008375691340695
25.267857142857142
0.045366764068603516
0.5943246788602737
14.186507936507937
0.044564247131347656
0.5847524896409279
12.743055555555555
0.04567551612854004
0.46707496175612623
16.770833333333332
0.044130563735961914
0.49371509953908804
20.008680555555557
0.04281282424926758
0.5678596976456958
14.261363636363637
0.04415750503540039
0.5173837394027299
15.424382716049385
0.043076276779174805
0.5233643100736142
27.141203703703706
0.04430222511291504
0.4536168455440902
0.0
0.0430293083190918
0.33086436429914706
22.430555555555557
0.04293942451477051
0.43303643322841245
0.0
0.04552960395812988
0.5527538872662713
59.2361111111111
0.04435586929321289
0.4808267703216553
27.854166666666664
0.044014930725097656
0.37603095882114274
0.0
0.0443873405456543
0.2770641353458103
22.916666666666668
0.04282236099243164
0.29452715685425346
34.40972222222222
0.04290914535522461
0.5702569930356308
31.59722222222222
0.043801307678222656
0.6434805553923201
38.654513888888886
0.04421424865722656
0.4691617532794003
39.60069444444444
0.04419755935668945
0.48192990016519427
19.305555555555557
0.04429316520690918
0.5422571872571873
11.481481481481481
0.043243408203125
0.5265294835883071
31.666666666666668
0.04301786422729492
0.4777604258486611
13.4375
0.04431939125061035
0.42121693121693127
23.854166666666668
0.04323315620422363
0.3368903318903319
0.0
0.04400324821472168
0.5600123841300311
0.0
0.04287290573120117
0.5490560740715539
41.40972222222222
0.044782400131225586
0.5222083128429879
25.78125
0.04290771484375
0.4971138121138121
25.381944444444443
0.04409074783325195
0.49364542864542854
11.11111111111111
0.04501795768737793
0.5226693676693677
29.513888888888886
0.04294466972351074
0.24323787323787324
24.31712962962963
0.04411721229553223
0.33675713175713173
9.23611111111111
0.042858123779296875
0.3252212602212603
12.777777777777777
0.04404711723327637
0.41423039923039917
27.083333333333336
0.04432225227355957
0.6213961963961963
24.479166666666668
0.044170379638671875
0.5317795402625125
19.366319444444443
0.044197797775268555
0.5290404378330076
40.9375
0.045172691345214844
0.5384006734006734
13.654513888888888
0.042672157287597656
0.47510903584432984
22.85590277777778
0.043076515197753906
0.5666318866318866
8.208333333333332
0.04368019104003906
0.6337468087468089
13.385416666666666
0.042736053466796875
0.6080327080327081
17.708333333333332
0.04285907745361328
0.5902525252525251
18.055555555555557
0.04424023628234863
0.7605820105820107
16.510416666666668
0.04411649703979492
0.8130952380952381
30.150462962962962
0.043190956115722656
0.6461403411403414
33.4375
0.04329395294189453
0.5947883597883599
116.63194444444444
0.043029069900512695
0.514158249158249
108.99305555555556
0.04275631904602051
0.2836820586820587
46.68402777777778
0.044152021408081055
0.24552910052910054
7.465277777777778
0.04300642013549805
0.3245069745069745
0.0
0.04409313201904297
0.3512698412698413
0.0
0.04295825958251953
0.6528571428571428
21.805555555555557
0.04277348518371582
0.4957215007215007
31.180555555555557
0.04267454147338867
0.6861111111111112
48.36805555555556
0.04291343688964844
0.6290476190476192
18.75
0.04308462142944336
0.3389682539682539
0.0
0.044661760330200195
0.20777777777777778
0.0
0.04335498809814453
0.12904761904761905
0.0
0.04321026802062988
0.2747619047619048
0.0
0.042851924896240234
0.3116661056521737
0.0
0.04278421401977539
0.5525396825396826
0.0
0.04277610778808594
0.6781794131794131
29.34027777777778
0.04288792610168457
0.4314255665399754
0.0
0.044789791107177734
0.30626422068392717
19.288194444444443
0.04470539093017578
0.20613636363636362
8.61111111111111
0.04323625564575195
0.331866457129615
0.0
0.04522705078125
0.35908198474839687
25.538194444444443
0.04302215576171875
0.3056988081525303
0.0
0.04455065727233887
0.2319325777994509
0.0
0.04407191276550293
0.3910579788288766
0.0
0.04448866844177246
0.3180451902025523
0.0
0.044284820556640625
0.5371788113076679
8.333333333333334
0.04429364204406738
0.3937166795230465
12.743055555555555
0.044225215911865234
0.3353916259179417
9.175347222222221
0.04355025291442871
0.28758111035404393
37.25694444444444
0.0444793701171875
0.36993589470055244
27.8125
0.04297924041748047
0.38470921284280585
25.35590277777778
0.04323863983154297
0.4586116943838578
30.636574074074076
0.04278683662414551
0.4241643914126746
29.895833333333336
0.04422760009765625
0.618925888925889
15.182291666666668
0.04295992851257324
0.440421850558072
22.135416666666668
0.043562889099121094
0.40433107466456464
40.83333333333333
0.04556393623352051
0.3522410510358641
24.375
0.04273223876953125
0.35063467820063626
11.898148148148147
0.04431319236755371
0.33546229264768374
46.75347222222222
0.042905330657958984
0.36166146791333387
17.53472222222222
0.0433046817779541
0.36062339476922933
64.63541666666667
0.04279279708862305
0.3215921735346095
64.89583333333334
0.04270601272583008
0.344296360484669
26.5625
0.04509854316711426
0.30369629080566074
17.564484126984127
0.04522514343261719
0.2978070665535496
65.15046296296296
0.04410409927368164
0.2078986481856932
79.02777777777777
0.044077157974243164
0.29557888666292675
0.0
0.04278159141540527
0.27539369802460384
6.631944444444445
0.04273700714111328
0.2927871743602663
9.039351851851853
0.04415011405944824
0.23508364277835989
18.61111111111111
0.04333209991455078
0.25517497240391357
15.694444444444445
0.04288601875305176
0.20803926252775354
15.289351851851853
0.04505515098571777
0.2587790460734332
33.63888888888889
0.043932437896728516
0.3073333248008541
68.15972222222223
0.044097900390625
0.38556703306649937
26.12847222222222
0.04266166687011719
0.4076290790038255
19.18402777777778
0.043045759201049805
0.3507737921118256
20.506944444444443
0.04369068145751953
0.3060552125928712
29.39814814814815
0.04284024238586426
0.37886996036423953
23.307291666666664
0.04456281661987305
0.345049159474026
27.638888888888886
0.04273676872253418
0.4071439876668934
15.636574074074074
0.04284834861755371
0.3058020647271517
35.763888888888886
0.04506397247314453
0.22405242687731589
4.253472222222222
0.0438237190246582
0.1843478665365273
2.7430555555555554
0.0438997745513916
0.16509358603832475
4.774305555555555
0.0440523624420166
0.18268024438670044
9.560185185185185
0.04380631446838379
0.23889544613823901
21.319444444444443
0.04422903060913086
0.26163941816607406
16.42361111111111
0.0444493293762207
0.29034568555885215
0.0
0.04384255409240723
0.33513664500991425
6.666666666666667
0.04266786575317383
0.38471639067109087
15.095486111111112
0.04437375068664551
0.3641297142627051
5.2361111111111125
0.04267573356628418
0.40990365682796953
0.0
0.04424452781677246
0.3728036634399563
12.284722222222223
0.04420280456542969
0.3470069789975208
45.856481481481474
0.04310488700866699
0.4377329627583994
24.227430555555557
0.04256296157836914
0.4300497676779415
24.91753472222222
0.04298543930053711
0.42314566807800025
67.62731481481482
0.0438847541809082
0.32249071934781104
23.604166666666668
0.04274797439575195
0.30088603463834107
25.71759259259259
0.04285025596618652
0.27883059419666
8.359375
0.04282665252685547
0.30023837395589464
53.761574074074076
0.04265737533569336
0.37563893335316234
40.88194444444444
0.04287314414978027
0.32127973977770846
65.4513888888889
0.04261493682861328
0.3713336854611299
27.84722222222222
0.044267892837524414
0.3730164100214265
23.321759259259256
0.04356718063354492
0.3931342700356474
35.21825396825396
0.04387998580932617
0.3330543842256474
11.243055555555557
0.04407072067260742
0.32723656101130755
23.794642857142858
0.04268598556518555
0.3267654154975339
8.894675925925926
0.043292999267578125
0.28844875875751685
15.944444444444446
0.04284977912902832
0.32149082707086296
69.8611111111111
0.04285717010498047
0.33743725688112897
35.960648148148145
0.04396247863769531
0.2367172034513646
29.43576388888889
0.04289865493774414
0.35427958062070025
33.25520833333333
0.042742252349853516
0.2770318718654832
22.69965277777778
0.04265141487121582
0.3646640593406608
71.875
0.043064117431640625
0.347388914815778
9.915674603174603
0.042749643325805664
0.3716290534446134
10.567129629629632
0.04433751106262207
0.3734572060733981
12.621527777777779
0.04304766654968262
0.3911652735957913
30.93253968253968
0.04277968406677246
0.36029779630885983
81.63194444444444
0.04292559623718262
0.41755927269087106
17.63888888888889
0.042874813079833984
0.3683284628496021
0.0
0.043827056884765625
0.32426695211043627
29.84375
0.042589664459228516
0.361400611362743
12.511574074074073
0.04279613494873047
0.3196724932160251
14.265873015873016
0.04442191123962402
0.36145544679756914
33.20746527777778
0.04292559623718262
0.3946061286616582
114.0625
0.042677879333496094
0.35574418895712695
9.012896825396826
0.04395103454589844
0.3737865809291895
10.605158730158731
0.043306827545166016
0.3937269331571716
40.86805555555556
0.04322648048400879
0.4389251832907312
19.375
0.044794559478759766
0.42567073627326074
45.18518518518519
0.042673349380493164
0.4351837011330354
71.52777777777777
0.04394841194152832
0.39559503436250865
25.069444444444443
0.042784929275512695
0.4374319615717902
11.571180555555555
0.0438230037689209
0.3939162401827128
10.868055555555555
0.042272090911865234
0.41897404855543535
10.72420634920635
0.043974876403808594
0.38328636325263843
25.925925925925924
0.0436100959777832
0.39985253975101087
10.009920634920634
0.04268789291381836
0.4253745843729181
20.208333333333336
0.042641639709472656
0.45163828273608236
34.76388888888889
0.04388070106506348
0.40156519858178147
27.890625000000004
0.04302811622619629
0.38002497090357235
25.19965277777778
0.04287409782409668
0.3753446873979982
20.281635802469133
0.043756723403930664
0.35920580402352636
24.355158730158728
0.04511070251464844
0.43057977133491315
20.19675925925926
0.04384756088256836
0.34945720572565214
24.374999999999996
0.043977975845336914
0.3165048205333588
27.1875
0.042639970779418945
0.33082140546024286
34.670138888888886
0.04402565956115723
0.3213420582749585
10.931712962962964
0.04266190528869629
0.3090354182528314
28.229166666666668
0.044100046157836914
0.28697360597389493
7.520833333333334
0.04246640205383301
0.2614164441933423
16.36574074074074
0.043958187103271484
0.3101502193183371
27.89351851851852
0.042621612548828125
0.2734911997695606
61.31944444444445
0.04386329650878906
0.2522918772809761
5.541666666666666
0.04268980026245117
0.23656833472285826
19.322916666666664
0.042474985122680664
0.33469637440171873
0.0
0.043649911880493164
0.38372249214634924
20.694444444444443
0.04275059700012207
0.3237351222799628
0.0
0.04430127143859863
0.3621514343149156
0.0
0.043271780014038086
0.2645959837521824
18.92361111111111
0.042566776275634766
0.27528041944441434
7.8009259259259265
0.043601274490356445
0.29360644500960215
10.909722222222223
0.04247617721557617
0.23281282075493032
15.512152777777779
0.04397916793823242
0.3228448906429809
40.34722222222222
0.04500532150268555
0.4200549049996286
56.927083333333336
0.04408621788024902
0.3478581503224793
0.0
0.04437661170959473
0.398718777197038
19.51388888888889
0.04343843460083008
0.4087044169263231
136.28472222222223
0.042514801025390625
0.34602626649965107
47.05853174603175
0.04424905776977539
0.5538205458352913
18.47222222222222
0.04267072677612305
0.5083780835059608
0.0
0.04291963577270508
0.41627613803465185
70.41666666666667
0.04250788688659668
0.6772459901639468
66.84027777777779
0.043622732162475586
0.5083185006714418
42.881944444444436
0.043112993240356445
0.31323361336519223
0.0
0.043929100036621094
0.24899923061687768
0.0
0.043326616287231445
0.41393754393754384
0.0
0.04279494285583496
0.19597977698206528
38.33333333333333
0.042559146881103516
0.2400971666094832
33.495370370370374
0.044365882873535156
0.22403884098930538
0.0
0.04300808906555176
0.13255253593118715
3.125
0.04375290870666504
0.16860899364762352
62.15277777777777
0.042856454849243164
0.22121460243589733
0.0
0.042667388916015625
0.30890601057009726
32.326388888888886
0.042966365814208984
0.2536940753891218
0.0
0.04258155822753906
0.2718241777142706
0.0
0.04481363296508789
0.0
0.0
0.042391061782836914
0.0
0.0
0.04271364212036133
0.0
0.0
0.04268789291381836
0.0
0.0
0.04354667663574219
0.0
0.0
0.04257917404174805
0.0
0.0
0.042717933654785156
0.0
0.0
0.04388165473937988
0.1791460826754944
0.0
0.04398012161254883
0.2901036232804675
15.034722222222221
0.04381108283996582
0.41860184217601104
20.42361111111111
0.04284167289733887
0.4652804553541291
41.84027777777778
0.04250764846801758
0.44875262870304805
48.99305555555556
0.04332327842712402
0.46208139654857466
25.173611111111114
0.042641401290893555
0.39712299129306816
52.61574074074074
0.04256939888000488
0.4704243841863306
22.491319444444443
0.04397940635681152
0.4907221934742509
19.805555555555557
0.04401969909667969
0.3967191529901216
54.675925925925924
0.043866634368896484
0.38238920647003616
46.111111111111114
0.042502641677856445
0.5085948195053472
13.611111111111112
0.042653799057006836
0.5170573089384933
13.238636363636363
0.043128013610839844
0.4903197591774768
21.568287037037035
0.042769670486450195
0.5297235203755976
24.03472222222222
0.0430448055267334
0.5252797763301197
18.998015873015873
0.04401803016662598
0.5638835328751902
13.940972222222223
0.042694091796875
0.5747835342487575
16.331018518518523
0.04369783401489258
0.5243330560806204
23.26388888888889
0.04422736167907715
0.5191731054824339
11.587301587301585
0.04391837120056152
0.5171655134612688
30.572916666666668
0.04328632354736328
0.5259231736919829
45.86805555555555
0.0438535213470459
0.5640439284341306
18.375
0.04408073425292969
0.5233057600139229
34.01289682539683
0.04242420196533203
0.5006328212849953
21.085069444444443
0.043918609619140625
0.5624351833592214
28.208333333333336
0.043561458587646484
0.5425881156729556
13.721064814814815
0.04291343688964844
0.441133753230995
39.392361111111114
0.04251861572265625
0.3994932687158832
5.535714285714286
0.04271984100341797
0.3551554399090975
27.256944444444443
0.04375314712524414
0.48479878622474976
17.30902777777778
0.042574167251586914
0.5462296334340575
22.437500000000004
0.042673587799072266
0.5375573587176342
6.076388888888889
0.04407167434692383
0.47699011528747176
24.13690476190476
0.04362893104553223
0.4550780276605085
34.50694444444444
0.043892621994018555
0.34626972843452114
114.30555555555556
0.04306149482727051
0.3953835960946858
31.51620370370371
0.042942047119140625
0.3799717987626192
126.00694444444444
0.04305458068847656
0.3537098603911686
31.19212962962963
0.042551517486572266
0.416840971410122
66.18055555555556
0.04390597343444824
0.44685349948784764
9.956597222222221
0.04667520523071289
0.37742712952020674
28.258101851851848
0.043768882751464844
0.46399247606772115
24.75
0.04504585266113281
0.5019267490088409
24.733796296296294
0.0437626838684082
0.3594311893127787
26.412037037037038
0.04243659973144531
0.26577400306172305
10.234375
0.04379582405090332
0.30620692781177955
7.979166666666667
0.04291486740112305
0.4308321254522013
28.26388888888889
0.04380321502685547
0.3361306459653849
22.372685185185187
0.04445457458496094
0.47810683996906905
69.84375
0.04236936569213867
0.46492553261701214
31.163194444444443
0.04405522346496582
0.4464460804580742
17.083333333333332
0.04240560531616211
0.4629383203251847
18.61111111111111
0.04251694679260254
0.35871279257887145
29.53125
0.04437136650085449
0.3758649377312243
33.01587301587301
0.04270005226135254
0.42652252244374705
25.02777777777778
0.04253792762756348
0.39750050696496325
13.75
0.04254627227783203
0.4483812756615555
30.05642361111111
0.044045448303222656
0.39219985831550847
21.589506172839506
0.04251384735107422
0.48525011738455587
17.472993827160494
0.04249238967895508
0.41913109695180994
17.90972222222222
0.04391765594482422
0.3614729448201997
22.899305555555557
0.04396700859069824
0.5358724751331962
50.416666666666664
0.04262804985046387
0.49456967167294547
30.095486111111114
0.04240727424621582
0.7507042921291363
39.56597222222223
0.04340839385986328
0.7187420810618156
50.08680555555556
0.0430142879486084
0.4540079990824534
0.0
0.04248762130737305
0.6646571951770082
31.07638888888889
0.04353070259094238
0.6648879990399024
31.736111111111114
0.04288077354431152
0.5791536924737067
23.9429012345679
0.043738603591918945
0.6148081331800682
21.05235042735043
0.04381680488586426
0.5498128814068456
23.090277777777775
0.042120933532714844
0.5395856180707136
18.604797979797976
0.04231715202331543
0.5861091077004033
13.877314814814817
0.0422823429107666
0.5825524675873852
15.378472222222223
0.043347835540771484
0.5515059518100216
15.948183760683765
0.04236245155334473
0.5326628382431047
12.416087962962962
0.0448300838470459
0.5327049530507347
11.869212962962964
0.04245781898498535
0.5403353311511467
10.065104166666666
0.0425572395324707
0.5221313212914741
13.965277777777777
0.04371190071105957
0.5161747703804405
13.157051282051283
0.042856454849243164
0.5827978464817288
10.873015873015873
0.04250597953796387
0.5157748682536687
11.872685185185185
0.04285144805908203
0.6326196211431969
11.28968253968254
0.04375195503234863
0.5754287346637856
15.106837606837608
0.04241657257080078
0.5300133875739753
11.9921875
0.043682098388671875
0.5564890673516995
12.55642361111111
0.0424809455871582
0.6017756431738717
12.165178571428571
0.043744564056396484
0.5458995584123955
10.624999999999998
0.04387259483337402
0.5283019557883413
7.089843749999999
0.04241681098937988
0.5583332121633402
12.404003267973854
0.043842315673828125
0.5316481862359621
13.952546296296296
0.043653249740600586
0.5640077336532919
7.528935185185184
0.0422823429107666
0.604790671430354
23.831018518518515
0.042560577392578125
0.4227589258264495
21.345486111111114
0.04240751266479492
0.30044033506479434
10.979938271604937
0.0425877571105957
0.4171666886977666
9.143518518518517
0.04367208480834961
0.4013365922432163
9.204545454545455
0.042543888092041016
0.37750037957897453
21.261574074074073
0.04376792907714844
0.415126866853062
29.166666666666664
0.04256176948547363
0.5038018512906189
19.717261904761905
0.043479204177856445
0.47190064074391885
32.53472222222222
0.043643951416015625
0.44020255179017986
23.854166666666668
0.04264092445373535
0.43562332539776855
15.845959595959595
0.04240536689758301
0.4067424737856499
35.989583333333336
0.042772531509399414
0.35690151115805274
15.560897435897438
0.043673038482666016
0.3961034655684409
19.022817460317462
0.043717384338378906
0.461792768503556
4.548611111111111
0.04399681091308594
0.46346632980250946
19.756944444444443
0.04247689247131348
0.43242966513293385
38.902777777777786
0.04394888877868652
0.45676431663065303
16.32378472222222
0.04481172561645508
0.4506389250340511
30.694444444444443
0.04354047775268555
0.4137955314536047
18.622685185185187
0.04387044906616211
0.4399595922549157
10.046296296296298
0.04371976852416992
0.4314067326925787
11.40376984126984
0.0438227653503418
0.38393901703657096
13.686342592592595
0.042311668395996094
0.4305254867525829
19.930555555555557
0.04379582405090332
0.4448994922583768
29.687500000000004
0.04247617721557617
0.5001703045575703
31.414930555555557
0.04266619682312012
0.47257799187696786
64.18402777777777
0.04276704788208008
0.45980011965224954
26.432291666666664
0.042444467544555664
0.48036521056978976
31.041666666666668
0.04234480857849121
0.505628606109489
48.73611111111111
0.04350423812866211
0.5195513345806806
24.99131944444445
0.0437169075012207
0.5298987123979197
21.631944444444443
0.04374527931213379
0.3752877945847123
29.050925925925924
0.043126583099365234
0.4121636301336423
32.97916666666667
0.04380679130554199
0.5013928235339307
32.089120370370374
0.04277300834655762
0.5103006356970384
28.489583333333336
0.043916940689086914
0.5806114255519094
21.678240740740744
0.04250502586364746
0.5653378111032903
32.50000000000001
0.04395627975463867
0.5602729740276318
49.5625
0.04245710372924805
0.5922755411130534
16.77083333333333
0.0427250862121582
0.5390980887942399
27.0625
0.043552398681640625
0.5430102938211386
19.857638888888893
0.04504656791687012
0.47785428950535036
21.507936507936506
0.042357683181762695
0.5242390811793088
20.698302469135804
0.04382801055908203
0.5675815929041125
26.087962962962965
0.04230451583862305
0.4866795533693791
28.098958333333336
0.04321551322937012
0.49694828800122615
22.961309523809526
0.04352426528930664
0.5506353264328804
14.479166666666666
0.04361748695373535
0.4649485756850037
37.35416666666667
0.042376041412353516
0.49841343901405527
26.779513888888886
0.04221653938293457
0.4124998259677819
20.251736111111114
0.043950796127319336
0.4953760014481186
20.8125
0.044121503829956055
0.44883975935267006
28.252314814814813
0.04363727569580078
0.3594559821910771
16.8359375
0.04341840744018555
0.33476475736217964
18.776041666666664
0.04463315010070801
0.3367494998792846
9.84126984126984
0.043901681900024414
0.31009848868909384
12.356150793650794
0.0437774658203125
0.3070094813796457
18.908730158730155
0.04236316680908203
0.5026330364703582
23.09027777777778
0.04325532913208008
0.5216246962730413
38.1640625
0.04421114921569824
0.5553539998706295
25.633680555555554
0.044124603271484375
0.5822326600032575
25.479166666666664
0.04245758056640625
0.5672338126581319
27.3125
0.04365038871765137
0.6058330393577135
25.203373015873012
0.04372763633728027
0.6174723142289693
24.942129629629626
0.0425107479095459
0.6337599772009193
27.777777777777775
0.04241442680358887
0.697455837568701
38.53009259259259
0.04269218444824219
0.680968964347521
44.004629629629626
0.0463712215423584
0.6452488165627686
27.15277777777778
0.04254341125488281
0.4280003686380494
29.583333333333336
0.043680667877197266
0.33830019184517784
10.804398148148147
0.04252314567565918
0.31207285383152594
15.325520833333334
0.04246163368225098
0.3808020502735382
21.567460317460313
0.0438995361328125
0.3698363695223224
7.376543209876543
0.043788909912109375
0.35638271099144375
11.412037037037038
0.042647600173950195
0.37170734672413636
39.270833333333336
0.0423588752746582
0.4068559507278044
43.420138888888886
0.045078277587890625
0.345845600975648
40.529513888888886
0.04235053062438965
0.4301657654976641
22.82986111111111
0.04524707794189453
0.3506900401837127
41.80555555555556
0.04225039482116699
0.2959831051697069
13.443287037037038
0.043788909912109375
0.4055755240284083
9.444444444444445
0.04329037666320801
0.3674583449090793
22.118055555555554
0.04494309425354004
0.4542088716780083
29.444444444444443
0.04369521141052246
0.5312460236650113
15.05497685185185
0.043910980224609375
0.5322584788497043
17.216435185185187
0.042334794998168945
0.48373411889552936
23.990575396825392
0.042990684509277344
0.5230782395185372
11.53742283950617
0.04239344596862793
0.45657280837146225
13.539186507936508
0.04248356819152832
0.4797661590658925
23.725961538461533
0.04249310493469238
0.4853792701408192
30.722222222222218
0.042703866958618164
0.4396673122946774
18.764880952380953
0.04214596748352051
0.42494919910771506
16.215277777777775
0.04231977462768555
0.3670422388223165
21.493055555555557
0.04241490364074707
0.3809482601056729
28.256944444444446
0.04243826866149902
0.35470354876997523
8.107638888888888
0.04279494285583496
0.4079698811519944
11.961805555555555
0.04283952713012695
0.4351484051324069
12.825520833333332
0.04359769821166992
0.48473221481008616
16.093749999999996
0.04273724555969238
0.4761040527151423
38.55324074074074
0.042151451110839844
0.42448974999639894
14.578993055555557
0.04390716552734375
0.4048407709614224
11.25
0.0435328483581543
0.4213890687298255
24.726080246913583
0.042391061782836914
0.3955950282946032
12.361111111111112
0.04354238510131836
0.3484547906995327
23.40972222222222
0.04356193542480469
0.40658334289720394
49.939236111111114
0.04374432563781738
0.32443758871323725
19.88425925925926
0.04299139976501465
0.2603180195102875
12.604166666666668
0.04234933853149414
0.33223884729780173
13.37384259259259
0.04248166084289551
0.34770793951967643
32.317708333333336
0.04258227348327637
0.5001965384955469
25.188492063492067
0.04256749153137207
0.4300562402045836
48.333333333333336
0.04222917556762695
0.5015566278626807
40.00868055555555
0.04239940643310547
0.5757109465204451
41.10243055555556
0.04333353042602539
0.4550276733022812
0.0
0.04233217239379883
0.44518801841718947
19.381944444444446
0.04247260093688965
0.41810049083691375
18.993055555555554
0.043636322021484375
0.4932394394774254
19.29398148148148
0.04355812072753906
0.48511509679036613
20.729166666666668
0.043602705001831055
0.40153052737165784
53.611111111111114
0.04352736473083496
0.3424387130067777
2.8125
0.04451441764831543
0.45829856915893485
26.692708333333332
0.042730093002319336
0.4846854922588665
45.535714285714285
0.043918609619140625
0.6395744688365947
33.958333333333336
0.043660879135131836
0.5862760387663938
59.322916666666664
0.04231715202331543
0.5155761488712048
23.76736111111111
0.04213142395019531
0.3917007106287738
35.40972222222222
0.04367876052856445
0.3239078331545366
18.880208333333336
0.04217362403869629
0.43112840227078647
20.201388888888886
0.042368412017822266
0.4634211850779624
39.10218253968253
0.04234623908996582
0.38874790156894556
22.899305555555557
0.04384446144104004
0.47400492717135717
14.930555555555555
0.04238128662109375
0.5312281371195641
24.493055555555554
0.04390978813171387
0.5140408022853513
30.138888888888886
0.04256296157836914
0.5681847366987718
29.743923611111114
0.0437319278717041
0.5253873770946886
35.520833333333336
0.04376029968261719
0.41886002871251793
15.25848765432099
0.04375910758972168
0.4080435975176712
14.465277777777777
0.042263031005859375
0.3887097830370402
18.39891975308642
0.04233884811401367
0.47824562315774
43.142361111111114
0.04361748695373535
0.6130365392521925
23.006944444444443
0.04375576972961426
0.6499902859885324
36.39660493827161
0.04353046417236328
0.5764077070357353
16.836805555555554
0.043769121170043945
0.5438132546091552
14.087752525252528
0.04373979568481445
0.6006921345737462
23.48710317460317
0.04393815994262695
0.5397113439173737
27.02777777777778
0.043329715728759766
0.7108933184479225
35.83333333333333
0.043678998947143555
0.49528647703726
21.65972222222222
0.04349684715270996
0.43107437579474284
18.871527777777775
0.04227042198181152
0.392957696866594
23.184523809523814
0.04220986366271973
0.41898637859451154
18.680555555555554
0.042360782623291016
0.43342385390684784
11.274801587301587
0.04253220558166504
0.39549242086975783
13.313492063492063
0.04410266876220703
0.43402143178239166
20.086805555555557
0.042400360107421875
0.5030513193451374
19.86979166666667
0.042572736740112305
0.452857977119497
21.238425925925927
0.04262113571166992
0.47595318147297433
23.67283950617284
0.04266357421875
0.3432061717842825
39.59490740740741
0.04240012168884277
0.3635358537555335
26.52777777777778
0.04295992851257324
0.448722165047292
15.972222222222221
0.0436253547668457
0.4470575987848969
16.452546296296294
0.042816877365112305
0.47888874628757433
19.0625
0.042654991149902344
0.5127474722281211
23.57638888888889
0.0425260066986084
0.5371739608910151
14.43452380952381
0.04383587837219238
0.5508245385145697
20.45138888888889
0.042203664779663086
0.492025115400426
29.96527777777778
0.04254269599914551
0.46959625272731587
32.41898148148148
0.04248237609863281
0.5134032867369962
21.805555555555554
0.04389309883117676
0.5723428518925159
49.16666666666667
0.04497075080871582
0.684855649168535
44.826388888888886
0.04409384727478027
0.6641964930710949
56.64930555555556
0.04370832443237305
0.5559790306999368
44.85615079365079
0.043035268783569336
0.41169796545299403
52.89351851851851
0.042259931564331055
0.3544745333148254
30.09548611111111
0.04293990135192871
0.34851992506531143
11.101190476190478
0.04232931137084961
0.2913397213627041
8.409722222222221
0.04358053207397461
0.440449519221293
46.701388888888886
0.042394161224365234
0.5547510652940006
32.02256944444444
0.04300999641418457
0.49631817266115863
27.67361111111111
0.04385638236999512
0.4832770147085438
27.56448412698413
0.04247403144836426
0.3910159218090418
16.041666666666664
0.043894052505493164
0.3865426482123883
24.351851851851848
0.0435791015625
0.3164391803737011
11.393849206349206
0.0435791015625
0.31728857026239965
20.381944444444446
0.0438532829284668
0.38275264984145185
31.73611111111111
0.04297828674316406
0.4742482651632375
25.203373015873012
0.04347658157348633
0.4453249460355585
28.125
0.04374527931213379
0.33852920807082293
25.260416666666664
0.04241204261779785
0.277441289206173
10.19675925925926
0.043776750564575195
0.3872479219333048
32.34953703703704
0.043382883071899414
0.4755101426517448
18.90190972222222
0.04268836975097656
0.4343439801757007
13.717757936507935
0.04372692108154297
0.35512931009320503
36.099537037037045
0.04239320755004883
0.35275834203012546
20.112847222222225
0.04246830940246582
0.2747030462973817
14.166666666666666
0.04271864891052246
0.3291694107271922
14.458333333333334
0.04238772392272949
0.36773666927626436
17.28298611111111
0.04247903823852539
0.413534583257653
22.986111111111114
0.04254150390625
0.4056759191039327
35.48032407407407
0.04251837730407715
0.4126744952294485
45.46296296296296
0.04338240623474121
0.440386356963393
29.872685185185187
0.04387855529785156
0.39093075402495997
5.052083333333333
0.04255819320678711
0.4562074837191115
38.68055555555556
0.04248547554016113
0.4229058475961981
26.65972222222222
0.04402327537536621
0.31277784769256195
18.368055555555557
0.043221235275268555
0.4062313168219186
32.083333333333336
0.04375314712524414
0.4719299070324141
36.90104166666667
0.04301905632019043
0.33408366876386114
17.265625
0.04316854476928711
0.3654481878083485
21.66232638888889
0.0427556037902832
0.2969453257219842
35.39351851851852
0.04235529899597168
0.36823682252350215
32.13194444444444
0.04248166084289551
0.39014740010959714
16.923611111111107
0.042708396911621094
0.35818242457062227
42.175925925925924
0.04250645637512207
0.47462394338576636
43.71527777777778
0.042450904846191406
0.4451116889547364
30.802083333333332
0.04378700256347656
0.3988922372655911
15.432098765432098
0.04222249984741211
0.4345900946639212
17.82986111111111
0.04354262351989746
0.4266807753437548
24.13628472222223
0.04352402687072754
0.3987470521761756
14.597222222222225
0.0424199104309082
0.45956181470173557
15.958333333333332
0.04357123374938965
0.47601853286181434
27.51929012345679
0.042711734771728516
0.5094274172584556
14.280753968253967
0.04215860366821289
0.49443587027318703
16.993634259259256
0.04239249229431152
0.47153623856753996
11.623263888888888
0.04316902160644531
0.47717475904044304
23.78472222222222
0.04270625114440918
0.4140986424488792
13.424479166666664
0.042160987854003906
0.42326870464170085
27.520833333333336
0.042517900466918945
0.4630216277715132
26.12268518518519
0.042682647705078125
0.4512943162033054
30.17361111111111
0.04320526123046875
0.0
0.0
0.04226946830749512
0.0
0.0
0.04268074035644531
0.6435719835719838
0.0
0.04223322868347168
0.485209103416595
34.3287037037037
0.04298877716064453
0.4329703207426162
24.826388888888886
0.04355955123901367
0.4397298207958266
35.71759259259259
0.04250741004943848
0.4336786022886669
30.703125
0.04249739646911621
0.37541948421128185
14.328703703703704
0.04249763488769531
0.41968561047508424
9.990530303030305
0.04395127296447754
0.41608923551899046
14.21682098765432
0.04241943359375
0.41511855446793045
14.78298611111111
0.04377484321594238
0.49327112605812107
23.263888888888886
0.04360175132751465
0.47255270242007985
55.166666666666664
0.042848825454711914
0.4459954240989992
15.020254629629632
0.042743682861328125
0.4650886194974983
23.25954861111111
0.04234671592712402
0.4710284888670184
26.215277777777775
0.042281150817871094
0.4312500466929709
7.059027777777779
0.04237198829650879
0.4893784943535289
10.419560185185185
0.04230308532714844
0.4449379137192257
12.413194444444443
0.04251813888549805
0.5042908043874975
16.32936507936508
0.04257965087890625
0.5619218737528898
20.725308641975307
0.04281353950500488
0.5329065231186222
13.900462962962964
0.042349815368652344
0.5172699277879668
9.065972222222223
0.043553829193115234
0.5178818246726216
13.518518518518517
0.04243302345275879
0.4707460076599382
20.423611111111107
0.04384183883666992
0.43872546258571204
42.05555555555556
0.04269528388977051
0.49223890061596914
21.134259259259256
0.043169498443603516
0.4396376811530945
13.16550925925926
0.042429447174072266
0.42295908849280767
14.479166666666668
0.043032169342041016
0.47314423353028817
33.29861111111111
0.04280519485473633
0.5592663817463998
33.04398148148149
0.04429793357849121
0.6688048121075667
41.479166666666664
0.04264473915100098
0.5108690475855233
29.594907407407405
0.04342532157897949
0.4870899539288809
17.071759259259256