0.04741692543029785
0.558963832516556
24.72222222222222
0.044471025466918945
0.5930336013577455
12.230902777777779
0.04366946220397949
0.6474104935820268
57.32638888888889
0.04547429084777832
0.7290182119093711
24.51388888888889
0.04372978210449219
0.7819503446962539
12.36111111111111
0.04400467872619629
0.7863187964064554
14.557291666666666
0.04399228096008301
0.7690207214651757
14.600694444444445
0.04509449005126953
0.7641512694106142
67.0486111111111
0.04569602012634277
0.660461137748944
17.03125
0.04587435722351074
0.746174959728979
11.950231481481483
0.04515528678894043
0.6356973228606507
16.582341269841272
0.04387784004211426
0.640856687656884
16.62037037037037
0.04388737678527832
0.700065936726857
13.0078125
0.04388618469238281
0.6840519021366658
22.028769841269842
0.043531179428100586
0.6858888436880494
32.75173611111111
0.0446624755859375
0.6974440612261487
10.13888888888889
0.044133901596069336
0.7788710316710995
34.85243055555556
0.0441439151763916
0.7947800509093416
31.731150793650794
0.044113874435424805
0.7739063537065511
42.85590277777778
0.0440824031829834
0.7348419181631538
58.732638888888886
0.043849945068359375
0.6101942063093324
36.13425925925926
0.0440373420715332
0.6044163411323172
20.046296296296294
0.044577836990356445
0.5981126589898837
16.047453703703706
0.04369044303894043
0.5812484801816477
4.573412698412698
0.04398179054260254
0.6733218418781034
17.604166666666664
0.044005393981933594
0.7339587403864513
13.289930555555554
0.04400753974914551
0.7874197973906557
16.194444444444443
0.045533180236816406
0.7582527418615819
16.047453703703706
0.04468655586242676
0.7939131008555678
17.875
0.04483914375305176
0.8149517164728247
8.666666666666666
0.04459738731384277
0.7622955468221227
9.656635802469136
0.0448000431060791
0.7614482971708643
16.555555555555554
0.04415178298950195
0.7519571435275161
0.0
0.043633222579956055
0.666684584393204
12.523148148148147
0.043990135192871094
0.7080369931921511
12.04861111111111
0.04405069351196289
0.6590654519386178
16.68402777777778
0.04473686218261719
0.5610913155602039
9.027777777777779
0.04497814178466797
0.6127196766086557
101.28472222222221
0.0449674129486084
0.5975966009463926
31.857638888888893
0.04445004463195801
0.6009668438069089
30.52662037037037
0.04384112358093262
0.6348245775892056
41.33680555555556
0.0435948371887207
0.6001743242937977
17.75607638888889
0.04418611526489258
0.6208290531600027
16.07638888888889
0.043735504150390625
0.6441184378944109
32.67361111111111
0.04493522644042969
0.6646175181338767
61.822916666666664
0.04456329345703125
0.7209387489787671
72.51736111111111
0.04375028610229492
0.5697320276688214
22.743055555555557
0.04434370994567871
0.5587056629051446
17.337962962962965
0.04411029815673828
0.7109786013401626
12.349537037037038
0.04548215866088867
0.6768892296678201
27.990451388888886
0.04407906532287598
0.6491416015643893
23.35648148148148
0.043836116790771484
0.6356632209084133
16.080246913580243
0.044115543365478516
0.682100999001927
12.934027777777779
0.044699668884277344
0.6607863994433457
40.71180555555555
0.04408717155456543
0.6326720661518144
13.321759259259258
0.04520010948181152
0.6011948917904609
10.605158730158731
0.04389381408691406
0.6162373517933085
16.36574074074074
0.04396843910217285
0.6397617805370701
18.23784722222222
0.04530668258666992
0.6780352291364153
18.81076388888889
0.04391074180603027
0.6042672167812968
9.539930555555555
0.04533839225769043
0.6322615726440703
17.430555555555557
0.0439450740814209
0.7301525471332904
25.127314814814813
0.045276641845703125
0.6924059759209926
14.930555555555557
0.04390907287597656
0.7447808089193491
19.609375
0.044211387634277344
0.7065505789749589
14.925595238095237
0.04413151741027832
0.7070054221332097
29.444444444444446
0.0441286563873291
0.7352015856034501
11.241319444444443
0.04412078857421875
0.8025255360311673
19.539930555555554
0.04413104057312012
0.7777845664553164
38.99305555555555
0.04421377182006836
0.8407421961137131
51.99074074074074
0.044129371643066406
0.7336205635837931
36.63194444444444
0.044074296951293945
0.6986683939002453
28.611111111111114
0.04555845260620117
0.7649126196084297
65.92013888888889
0.044075965881347656
0.7321268282800789
21.71875
0.044205665588378906
0.7583267475369586
49.57175925925926
0.04412055015563965
0.7633541473366164
61.99074074074074
0.0442051887512207
0.7942802247759623
78.38541666666666
0.04413866996765137
0.8283622304075657
16.475694444444443
0.044249534606933594
0.7978403743621467
34.75694444444444
0.04539370536804199
0.6707407994532102
31.099537037037038
0.04524040222167969
0.5074628515837911
0.0
0.0458378791809082
0.695067506764638
15.434027777777779
0.045388221740722656
0.715111783448566
61.00694444444445
0.04547715187072754
0.7775519535770685
21.21527777777778
0.04415583610534668
0.8232464487603501
40.138888888888886
0.044275760650634766
0.7248764207177676
17.8125
0.04389619827270508
0.7050379189656393
18.35358796296296
0.04463338851928711
0.7204688650115808
19.496527777777775
0.04416060447692871
0.7241857328620345
21.715277777777775
0.045013427734375
0.7823946422404103
19.791666666666664
0.04409909248352051
0.7729305341850128
29.108796296296294
0.04421043395996094
0.7242415852119191
18.47222222222222
0.04527616500854492
0.6839600433571309
11.478174603174603
0.04402875900268555
0.7576775487399975
22.126736111111107
0.04496479034423828
0.7698844586584095
24.487847222222225
0.04514479637145996
0.7422049322488883
15.613425925925926
0.045281171798706055
0.7670861634442789
26.33101851851852
0.044057369232177734
0.7743437793501183
31.5625
0.04542803764343262
0.7079586177540429
15.567129629629628
0.045397281646728516
0.7599975560048162
13.32175925925926
0.0440516471862793
0.7630272182645401
23.819444444444446
0.044046640396118164
0.7561618750066503
17.053571428571427
0.045393943786621094
0.7782439426624852
18.26388888888889
0.044798851013183594
0.6768389917505494
23.289930555555557
0.04447817802429199
0.7190667463412509
52.421875
0.04514622688293457
0.5946432470428122
19.814814814814813
0.04487490653991699
0.6113099846102504
18.203125
0.044877052307128906
0.62696439673021
100.97222222222221
0.04392743110656738
0.6749563389582757
28.599537037037038
0.04545116424560547
0.659481297171951
19.46759259259259
0.04394888877868652
0.6534802588116375
30.8125
0.04420638084411621
0.6931425450128966
0.0
0.043976783752441406
0.6746167253322493
0.0
0.04520130157470703
0.5806759519475797
29.23611111111111
0.045418739318847656
0.689204050283024
30.109953703703706
0.04415416717529297
0.6592309667634211
20.997023809523807
0.04378867149353027
0.6396163910262607
28.547453703703706
0.04399728775024414
0.6589951023757563
19.396701388888886
0.04413199424743652
0.6639396849039109
15.960648148148147
0.045569658279418945
0.7011843623033618
25.972222222222225
0.04423975944519043
0.7186554096664733
21.106770833333332
0.04416990280151367
0.6422940102633047
19.849537037037038
0.04476523399353027
0.6155618398960875
13.745659722222221
0.04415631294250488
0.5839526602753152
12.46527777777778
0.04403567314147949
0.673348295923335
12.777777777777777
0.043796539306640625
0.6761977719883657
28.368055555555557
0.044001102447509766
0.6232030568019437
28.616898148148152
0.04551339149475098
0.6327537582965461
21.638888888888893
0.043889522552490234
0.6467402002590698
27.662037037037038
0.04409289360046387
0.654882228834288
29.687499999999996
0.045049190521240234
0.6921970399399741
25.577256944444443
0.04508376121520996
0.6805625902958276
20.07260101010101
0.04481649398803711
0.7395891897709835
17.71875
0.04433894157409668
0.6751469908626002
76.25
0.044240474700927734
0.7066369976530776
37.239583333333336
0.044162750244140625
0.6647745419273423
18.159722222222225
0.0438992977142334
0.6852618268243924
24.270833333333332
0.0442357063293457
0.6920935715510848
6.276041666666666
0.044133663177490234
0.6697538385868052
0.0
0.04424548149108887
0.6131462406797805
0.0
0.04408597946166992
0.6916346289047766
3.59375
0.04427647590637207
0.6579457565577335
0.0
0.045456647872924805
0.7018731614560481
13.344907407407407
0.044210195541381836
0.6612747348527441
30.324074074074076
0.0438082218170166
0.627855400010468
16.944444444444443
0.04405093193054199
0.7042668064344648
9.47420634920635
0.04429936408996582
0.6861999600384451
0.0
0.04412031173706055
0.6770109153132421
11.350308641975309
0.04419445991516113
0.6751276533837983
21.979166666666668
0.044005393981933594
0.7416159844066217
13.932291666666668
0.04411816596984863
0.7413923306767566
5.9201388888888875
0.0442194938659668
0.6465014461430516
0.0
0.04437971115112305
0.6705171363088984
13.791666666666666
0.04418230056762695
0.6617459896431378
38.09027777777778
0.04431343078613281
0.6219847024495294
8.217592592592593
0.044397830963134766
0.5522101794814229
21.89814814814815
0.0451045036315918
0.6173398650957453
22.194444444444443
0.04408121109008789
0.6153364149659656
6.944444444444445
0.044229984283447266
0.6720427150838152
39.453125
0.04423809051513672
0.6235283990251778
18.10185185185185
0.044352054595947266
0.6592906902243626
23.095238095238095
0.044956207275390625
0.6866360103799851
12.488425925925926
0.04491448402404785
0.692466442812391
20.53240740740741
0.04492068290710449
0.6512517056918277
15.300925925925924
0.044386863708496094
0.5603359908431025
15.52951388888889
0.04420351982116699
0.4718052827699779
0.0
0.044020652770996094
0.38357639820687883
9.715277777777777
0.044168710708618164
0.5442421883771967
17.53472222222222
0.04508256912231445
0.458157206323131
12.818287037037038
0.04437088966369629
0.4309317251150116
12.048611111111112
0.0447850227355957
0.4057593383627867
7.278645833333333
0.0442352294921875
0.5144559270731829
44.895833333333336
0.044235944747924805
0.5482386248547432
18.57638888888889
0.04408907890319824
0.5145981710500039
14.618055555555557
0.04440045356750488
0.6359375189024037
40.86805555555556
0.04475736618041992
0.45815784973980345
26.458333333333336
0.04558420181274414
0.4457330581641584
4.513888888888889
0.04499530792236328
0.5113800260272184
6.463293650793651
0.046404123306274414
0.42461024992007224
19.72222222222222
0.04452848434448242
0.5127978150198724
0.0
0.04522705078125
0.5467384962855799
14.537037037037038
0.04447746276855469
0.5655955214728258
14.555555555555554
0.044524431228637695
0.49448767954160006
4.453125
0.04439043998718262
0.49325074769878274
17.06845238095238
0.04435586929321289
0.4929056764376735
36.73611111111111
0.04457521438598633
0.4784953977814664
23.564814814814813
0.045772552490234375
0.4953193744768532
23.333333333333332
0.04441428184509277
0.535467173034748
19.930555555555554
0.04571366310119629
0.5688606119219723
20.625
0.044356346130371094
0.5003139519862021
14.402006172839508
0.044472694396972656
0.4877824025751116
25.58159722222222
0.04434537887573242
0.44799227593661495
8.030753968253967
0.044439077377319336
0.4543139909769007
6.701388888888889
0.04499626159667969
0.4389547238348056
4.328703703703703
0.04451274871826172
0.43266979332878247
16.75347222222222
0.04425358772277832
0.4432576975475284
18.24652777777778
0.04445934295654297
0.4873463779782725
20.069444444444443
0.04454207420349121
0.45690675819960563
17.569444444444443
0.044855594635009766
0.5064836377586672
5.421626984126983
0.04434323310852051
0.5332760173696179
11.064814814814815
0.044532060623168945
0.4888302941281904
5.868055555555555
0.04420590400695801
0.4697988639514366
1.8942901234567902
0.04438161849975586
0.48901148879297546
11.636904761904763
0.04429316520690918
0.47333511021971664
47.916666666666664
0.04508495330810547
0.5245288733231903
25.052083333333336
0.04385113716125488
0.596665877916834
16.678240740740744
0.044603586196899414
0.6204818228771081
13.88888888888889
0.04444169998168945
0.6976504354444935
8.680555555555555
0.04511666297912598
0.6608558627807728
11.812500000000002
0.04437589645385742
0.688438068083443
21.597222222222225
0.044591665267944336
0.5752219798524515
25.92013888888889
0.0444188117980957
0.4816022949550174
0.0
0.04467630386352539
0.3762965477361763
5.520833333333334
0.04453134536743164
0.4323520734386934
10.15625
0.0445713996887207
0.48311065735389336
10.046296296296296
0.044530630111694336
0.6775473668432345
25.27777777777778
0.044559478759765625
0.6142514454574338
25.868055555555557
0.04572415351867676
0.6685941093555446
9.843750000000002
0.044203996658325195
0.6246096127344942
8.541666666666666
0.043951988220214844
0.5947909617654954
17.3046875
0.044266700744628906
0.579943702449619
36.56828703703703
0.045116424560546875
0.6103647342717984
33.03472222222223
0.044678688049316406
0.6055254481211154
6.527777777777779
0.044403791427612305
0.6190154826783653
22.78356481481482
0.045865535736083984
0.589340902929149
13.928571428571429
0.04492354393005371
0.6047424891858351
29.18981481481481
0.044112205505371094
0.587596581476381
48.71527777777777
0.04619121551513672
0.5509183096550008
23.464506172839506
0.04409360885620117
0.579465379645182
107.77777777777777
0.04538130760192871
0.6005416037910253
19.696180555555554
0.044249773025512695
0.579949257113588
29.87847222222222
0.04451608657836914
0.5777832155686089
22.083333333333336
0.04415440559387207
0.5661750067528806
15.125868055555557
0.04557466506958008
0.6064239785556708
6.840277777777778
0.04476475715637207
0.6028057209821162
9.393696581196581
0.04419374465942383
0.5498347870107915
8.315972222222221
0.04429960250854492
0.5240501129437511
28.118055555555554
0.04561257362365723
0.49741493654038377
34.30555555555556
0.045244455337524414
0.5008088843929865
48.515625
0.04398155212402344
0.5528625082209201
107.39583333333333
0.04532599449157715
0.5696613907152828
27.332175925925927
0.04394841194152832
0.5974694436415988
10.243055555555555
0.04428243637084961
0.6040498463979891
3.370949074074074
0.044451236724853516
0.5388230872862525
25.854166666666668
0.044182777404785156
0.5702253750875488
65.42824074074075
0.044246673583984375
0.6008871862103937
17.589285714285715
0.04414653778076172
0.5916267706804478
12.178819444444443
0.04404759407043457
0.6187057506678443
8.175747863247862
0.04421257972717285
0.631015235740234
26.479166666666668
0.04424285888671875
0.6005421359087807
5.878472222222223
0.04432415962219238
0.597179094294185
6.653311965811966
0.04410123825073242
0.6066081465466533
12.04861111111111
0.04421854019165039
0.6545168945271941
24.244791666666664
0.045250654220581055
0.6070213055583704
21.28472222222222
0.04518008232116699
0.6104426206834677
17.600308641975307
0.045714616775512695
0.7002287276642113
10.401234567901234
0.04624772071838379
0.5705745807839193
11.284722222222221
0.044089555740356445
0.6331358087090145
26.209490740740737
0.04526948928833008
0.5859127217122176
40.798611111111114
0.04522824287414551
0.5689034419197744
8.3179012345679
0.04555463790893555
0.517556007522212
11.215277777777779
0.0445711612701416
0.5746412353524089
54.675925925925924
0.04587149620056152
0.5656417947005099
14.305555555555555
0.04513096809387207
0.6014217570008142
15.243055555555555
0.04431009292602539
0.6115754630549105
14.409722222222223
0.044231414794921875
0.5583648059521921
27.928240740740744
0.044455528259277344
0.5732618149645222
23.501157407407405
0.04422283172607422
0.613475232716406
13.020833333333334
0.044295310974121094
0.6510899247191336
9.895833333333332
0.04522418975830078
0.6943769081981824
15.885416666666666
0.04427742958068848
0.6345564360682762
10.734126984126984
0.04434990882873535
0.6436633054384416
14.560185185185185
0.0442509651184082
0.6731546596816554
18.618055555555554
0.04409527778625488
0.6730278230820266
21.710069444444446
0.044741153717041016
0.6831076704633505
10.95138888888889
0.04427909851074219
0.7147718469950441
25.395833333333332
0.04473447799682617
0.7195060786720557
20.631944444444443
0.04492449760437012
0.7847402020590694
13.194444444444445
0.04501199722290039
0.7328637831222147
17.03472222222222
0.04450058937072754
0.7172410131061593
19.60648148148148
0.04468488693237305
0.7277133593726687
18.55324074074074
0.04482316970825195
0.7350363539000853
8.101851851851853
0.04448580741882324
0.7280343865245312
27.447916666666668
0.044402122497558594
0.6966970418784525
40.90277777777778
0.045185089111328125
0.683730776368448
29.448784722222218
0.0443422794342041
0.6775929248010328
17.9265873015873
0.0452418327331543
0.6703278539893536
17.63888888888889
0.04494071006774902
0.7140188141647476
25.95486111111111
0.04555249214172363
0.7166490727772228
48.33333333333333
0.04418230056762695
0.7168628474441664
41.25868055555556
0.0442960262298584
0.6108965174363303
18.07638888888889
0.04501056671142578
0.6989868475791918
46.69270833333333
0.04421353340148926
0.757603465253854
22.33506944444445
0.04446721076965332
0.7388500739847739
43.645833333333336
0.04413890838623047
0.5947355789200645
15.381944444444443
0.04416990280151367
0.608731038869957
14.256944444444441
0.04442262649536133
0.6482289216911744
5.646701388888888
0.04498696327209473
0.6486894313715782
13.120659722222223
0.04568147659301758
0.5955708875683038
10.527777777777777
0.0443727970123291
0.6326352647987703
12.369791666666666
0.044435977935791016
0.5848703596494399
23.041666666666668
0.044338226318359375
0.5956881594703848
25.852623456790123
0.044557809829711914
0.5734076129225045
7.430555555555555
0.04445171356201172
0.6275901905489174
19.638888888888893
0.04571056365966797
0.7786926101793017
12.911324786324787
0.04451751708984375
0.7428655803581845
18.31845238095238
0.0447847843170166
0.6101492243086848
17.09027777777778
0.044736385345458984
0.75598147307742
20.578703703703702
0.04465985298156738
0.7478298133742938
19.288194444444443
0.04513740539550781
0.8233355453767355
15.48611111111111
0.045020103454589844
0.7623476234794339
27.16435185185185
0.04528975486755371
0.7760666679543002
17.8125
0.044495582580566406
0.7085793478121941
23.59375
0.04439544677734375
0.7594946779566559
27.460937499999996
0.04457354545593262
0.7454849409609985
27.527006172839506
0.04445385932922363
0.7043735357794186
26.354166666666664
0.0443875789642334
0.862086786354618
29.895833333333332
0.04409193992614746
0.7669398448448498
52.70337301587301
0.04517674446105957
0.7667154277187068
36.548611111111114
0.04433631896972656
0.6527504634098323
0.0
0.04504966735839844
0.7246527328622734
13.593750000000002
0.044083356857299805
0.7694128745554895
0.0
0.04408550262451172
0.8988888888888888
51.49305555555556
0.044438838958740234
0.2
40.763888888888886
0.04424762725830078
0.8196680213169871
96.66666666666666
0.04434013366699219
0.7751727080829812
24.592013888888886
0.04578757286071777
0.7153194953194953
16.52777777777778
0.04423022270202637
0.7958203979256613
33.57638888888889
0.04466390609741211
0.8289997335144413
34.54166666666667
0.044190168380737305
0.8178499394071477
30.768229166666664
0.04593539237976074
0.819754693103305
30.54976851851852
0.044176340103149414
0.7870987257579518
31.302083333333332
0.045577049255371094
0.6474016965614487
20.74652777777778
0.04572439193725586
0.6989383721352495
34.861111111111114
0.04533576965332031
0.8227427752057387
25.138888888888886
0.044953107833862305
0.8534553812226375
26.77579365079365
0.04417586326599121
0.8355510800060265
23.82986111111111
0.04400300979614258
0.8359054995664966
23.854166666666668
0.044951438903808594
0.885623368432966
30.729166666666664
0.04424595832824707
0.8088603802355927
44.36921296296296
0.044275522232055664
0.7658675508838005
36.31944444444444
0.04413962364196777
0.646013254905085
11.024305555555555
0.04443645477294922
0.617224942501674
19.930555555555557
0.04610180854797363
0.7230242055978147
10.859375000000002
0.04413199424743652
0.7070129172274314
22.071759259259256
0.04428696632385254
0.6466110860533476
25.659722222222225
0.04451322555541992
0.6637742232931421
29.340277777777775
0.044328927993774414
0.7175136952190058
14.463734567901232
0.044156789779663086
0.6717753363903556
6.0532407407407405
0.04402899742126465
0.6744143243123308
27.552083333333332
0.04434347152709961
0.7274009700150419
16.510416666666668
0.044338226318359375
0.7052759361814139
11.087962962962962
0.04449129104614258
0.6633887548169077
17.041666666666664
0.0443270206451416
0.6904883749293946
7.835648148148148
0.046880245208740234
0.6911380324799646
22.604166666666664
0.045204877853393555
0.7513962447220028
20.499999999999996
0.04435992240905762
0.6991900960510893
0.0
0.044892311096191406
0.7212553716640872
0.0
0.044367074966430664
0.7409331942327786
12.858796296296298
0.04489016532897949
0.7846233880718558
7.574404761904761
0.04438304901123047
0.7942007586410317
3.9756944444444446
0.04404497146606445
0.6742001837394722
20.03472222222222
0.04446983337402344
0.7803553133674204
106.80555555555556
0.0445094108581543
0.6852503141135693
41.11111111111111
0.04469180107116699
0.6946987905991532
48.40277777777778
0.044644832611083984
0.6157579382408332
27.934027777777775
0.0456693172454834
0.6977552632343497
32.93981481481482
0.04430794715881348
0.7282283102510289
15.613425925925924
0.044816017150878906
0.7308159259669572
27.303240740740744
0.04438591003417969
0.686999679805902
31.493055555555554
0.044580936431884766
0.7347644553497569
54.78009259259259
0.045758724212646484
0.6974069571874997
52.95138888888889
0.04427623748779297
0.6781434329409938
9.833333333333334
0.04477071762084961
0.7095127571339748
40.11805555555556
0.04459500312805176
0.6657779360728051
7.291666666666665
0.045247793197631836
0.7435310304340105
16.44097222222222
0.04506349563598633
0.7661878795830578
12.51736111111111
0.04444074630737305
0.7116946232987706
12.38425925925926
0.044649600982666016
0.7208935339117112
11.259469696969695
0.04431629180908203
0.7018229212763928
9.633838383838382
0.04483151435852051
0.7631657874649568
12.630208333333332
0.04432988166809082
0.7353804397546375
17.222222222222225
0.04443502426147461
0.7480441687057138
55.25
0.04459953308105469
0.6877382984321996
19.45601851851852
0.04469132423400879
0.6880495162138638
28.111111111111107
0.044798851013183594
0.671324886575072
116.66666666666667
0.04480791091918945
0.6712629052966983
13.26388888888889
0.04476475715637207
0.6738614232113532
0.0
0.044747114181518555
0.7647499794442528
29.114583333333336
0.04460644721984863
0.7317796527563029
10.583333333333334
0.04465794563293457
0.7396794258500664
16.003086419753085
0.044561147689819336
0.6752558097579718
19.8859126984127
0.04499411582946777
0.668506850709128
32.84722222222222
0.04478597640991211
0.6505937712488291
22.118055555555557
0.04497551918029785
0.7166344086021507
39.375
0.04474067687988281
0.7071585055843977
79.18402777777777
0.04485487937927246
0.6337792714934799
24.71064814814815
0.04538083076477051
0.6257694719534577
25.630787037037038
0.04487895965576172
0.6897347836777554
23.603395061728396
0.04461312294006348
0.6935053023895974
22.1875
0.04463911056518555
0.7110214074107005
42.15277777777778
0.04486513137817383
0.715955410268118
107.67361111111111
0.04487156867980957
0.6519774771651006
31.180555555555557
0.04462075233459473
0.7207087162892487
8.63425925925926
0.04470229148864746
0.6962917136996071
12.222222222222221
0.04456830024719238
0.6718563419526882
9.869791666666668
0.044704437255859375
0.7370323934222789
11.938657407407407
0.044678449630737305
0.6993561814065247
17.803819444444443
0.04465198516845703
0.6399519055565506
25.989583333333332
0.04433917999267578
0.613603304738316
33.47222222222222
0.045187950134277344
0.7041929261507753
9.305555555555555
0.044766902923583984
0.7191931676821074
10.243055555555555
0.04466605186462402
0.6179967367999405
12.291666666666668
0.04465222358703613
0.653291785364743
10.480324074074074
0.04487133026123047
0.7209490800582297
10.434027777777779
0.04466843605041504
0.7825635105682619
25.329861111111114
0.04474472999572754
0.796895750998726
34.0
0.04468655586242676
0.7296015186525426
23.93518518518518
0.04486370086669922
0.6714087143030926
16.750000000000004
0.04474377632141113
0.6182627246968081
31.180555555555557
0.044966936111450195
0.6598838649696772
61.94444444444444
0.0446622371673584
0.6861335282327341
25.147569444444443
0.044802188873291016
0.7028080191992578
63.95833333333334
0.04483795166015625
0.6929321786883069
31.52777777777778
0.045995473861694336
0.6858239915778115
0.0
0.04477691650390625
0.6727291310014537
27.22222222222222
0.044794321060180664
0.6163809215716606
3.7847222222222223
0.044769287109375
0.695020102951393
124.40972222222221
0.04481816291809082
0.671536538716913
120.06944444444444
0.044600486755371094
0.7254605840209557
14.097222222222221
0.044811248779296875
0.7317001518029099
37.98611111111111
0.04468178749084473
0.695316073103281
56.14583333333333
0.044910430908203125
0.6642083352252386
26.359126984126988
0.04610252380371094
0.6599798711463927
36.54513888888889
0.04473757743835449
0.6720315420876619
15.081018518518519
0.04474759101867676
0.713637664460678
13.3125
0.04477262496948242
0.5861910499525254
13.391203703703704
0.0445857048034668
0.6814493919928702
13.237847222222223
0.044914960861206055
0.6609115968149663
0.0
0.044794321060180664
0.6318013792865727
3.3159722222222223
0.04461669921875
0.6433097611631544
16.145833333333336
0.04476141929626465
0.639667337427304
24.54861111111111
0.0447239875793457
0.5786693813574058
7.447916666666667
0.04483938217163086
0.6855387181729893
9.296875
0.04526662826538086
0.6113521795711944
7.109375
0.04463791847229004
0.6620804880467577
7.630208333333333
0.04512381553649902
0.7747077098488011
9.994212962962962
0.04514622688293457
0.6729401443407202
22.19246031746032
0.04480695724487305
0.7171306562882026
22.84722222222222
0.04445672035217285
0.764156917913951
8.49826388888889
0.04469943046569824
0.661959083439145
8.10515873015873
0.04457807540893555
0.70028181742163
8.738425925925926
0.044809818267822266
0.6930091630300272
8.446180555555555
0.04465079307556152
0.6021855662497068
10.652777777777777
0.04483532905578613
0.6647011985387272
24.05753968253968
0.044617652893066406
0.7048293128480978
13.776041666666664
0.044684648513793945
0.7300625078317979
7.592592592592593
0.04472231864929199
0.7339574386780783
9.487847222222223
0.04539942741394043
0.713805118047076
9.090277777777779
0.04453587532043457
0.6788718233203359
10.756944444444445
0.044785499572753906
0.8144591131805947
23.321759259259263
0.044443607330322266
0.7618855935127259
19.457465277777775
0.04489254951477051
0.7893339924864136
31.588541666666664
0.0461115837097168
0.6612438441244474
40.15046296296296
0.04477071762084961
0.7480941162959273
22.13888888888889
0.04456925392150879
0.8082680294251613
11.961805555555555
0.046065568923950195
0.7155483753997268
13.166666666666668
0.04455375671386719
0.5925653725578751
6.361111111111112
0.04499411582946777
0.7120847500969659
10.752314814814815
0.046050310134887695
0.737738029162369
25.60185185185185
0.04531216621398926
0.7146262002014129
69.89583333333334
0.044782161712646484
0.6675108074393424
20.0
0.046035051345825195
0.6413383472616883
39.82638888888889
0.04458260536193848
0.6660317278630701
33.55034722222222
0.04488086700439453
0.5657436464616032
11.315104166666664
0.04468226432800293
0.607279969099449
13.22916666666667
0.045883893966674805
0.6711176873708843
132.39583333333331
0.04447054862976074
0.675895342105277
6.480429292929292
0.0442655086517334
0.7198175312729239
9.29292929292929
0.04462838172912598
0.6939135347994265
5.40625
0.04539990425109863
0.6819114099810665
6.63888888888889
0.044591665267944336
0.7075203374947371
7.590277777777777
0.04578900337219238
0.6377506416908167
5.180555555555555
0.044473886489868164
0.719834698715048
0.0
0.04475212097167969
0.777276913948318
12.644675925925924
0.04610037803649902
0.7294141932903774
12.488425925925926
0.04469609260559082
0.6617116532048593
12.465277777777777
0.04452824592590332
0.6452664280310817
15.989583333333334
0.04468870162963867
0.5762691299069008
6.377314814814816
0.044646501541137695
0.6042793803465496
7.361111111111111
0.044913530349731445
0.7239769802247814
6.277777777777778
0.044692039489746094
0.6645428857457548
15.034722222222221
0.04569888114929199
0.7328847335918632
10.225694444444445
0.045157670974731445
0.6124676555057664
17.291666666666668
0.04559183120727539
0.6062041004916222
30.243055555555557
0.044739484786987305
0.6469560983232964
21.336805555555557
0.044521331787109375
0.7419738912082366
44.6875
0.04434537887573242
0.8372318422318423
0.0
0.04466700553894043
0.740343514226405
39.86111111111111
0.044586181640625
0.7525168743064748
21.59143518518518
0.04493451118469238
0.6977264603441908
30.229166666666668
0.04479265213012695
0.724002200086718
9.383680555555557
0.046683549880981445
0.7069035697561151
18.92795138888889
0.04471540451049805
0.7812625462274023
22.03559027777777
0.0448453426361084
0.7346496244112114
13.688271604938272
0.044824838638305664
0.6912933016921218
11.574074074074074
0.04490518569946289
0.6878013032841982
13.95833333333333
0.04582619667053223
0.7370104954839041
19.201388888888886
0.04510498046875
0.7491207435361888
21.982060185185187
0.044831275939941406
0.7492454284067185
37.754629629629626
0.044760942459106445
0.6225992247825601
15.925925925925926
0.044550418853759766
0.6511775848701137
17.96875
0.04479789733886719
0.7082917433269704
15.788690476190478
0.045229196548461914
0.6462165968863262
13.61545138888889
0.04457449913024902
0.6004163004111727
13.947916666666666
0.044652700424194336
0.6304970475018942
13.509615384615385
0.04447770118713379
0.665669878009465
11.407828282828284
0.044718265533447266
0.6299386882013633
19.427083333333332
0.04484248161315918
0.625992124877269
17.82793209876543
0.044600725173950195
0.6925911857576825
28.31845238095238
0.04487490653991699
0.6499701801030019
45.859375
0.045714378356933594
0.6588935439966341
23.63715277777778
0.044927358627319336
0.6441178666011814
19.071180555555557
0.04510903358459473
0.65934621640504
12.16540404040404
0.04478573799133301
0.643265941161742
30.810185185185187
0.044661760330200195
0.6895222286537994
23.342013888888893
0.044390201568603516
0.7184296047427201
18.116319444444446
0.044210195541381836
0.6810949105530608
40.75694444444444
0.04443764686584473
0.6116299457847955
16.85763888888889
0.044556617736816406
0.5938743058351782
33.08159722222222
0.044434547424316406
0.6008977812510508
22.36805555555556
0.04459333419799805
0.5888287505350431
35.30381944444444
0.04521298408508301
0.5289358857955084
40.104166666666664
0.044722795486450195
0.5566951405150442
16.096230158730158
0.04458904266357422
0.667494914119716
13.319444444444443
0.04472994804382324
0.7069274544542272
12.465277777777779
0.04470491409301758
0.6822432748089555
16.397569444444443
0.04386568069458008
0.6455498788471898
28.645833333333332
0.0460352897644043
0.657219599271881
20.11284722222222
0.04503273963928223
0.6708318736913963
20.51215277777778
0.04480862617492676
0.6713409629458499
36.64930555555556
0.044605255126953125
0.6832629480345601
14.800347222222223
0.0452425479888916
0.6908115706283208
7.118055555555556
0.04467439651489258
0.6396202837717712
14.140625
0.04483747482299805
0.6391047971726732
5.9490740740740735
0.04466390609741211
0.7274168252240217
47.22222222222222
0.04468584060668945
0.6522616399523186
43.645833333333336
0.044790029525756836
0.6773704700170057
12.789351851851853
0.04496169090270996
0.7142899109595607
23.086805555555557
0.04472494125366211
0.7066786611587408
16.01010101010101
0.044780731201171875
0.7090819598383457
24.40972222222222
0.04436135292053223
0.67635271700184
0.0
0.0446474552154541
0.6286035294945148
25.885416666666668
0.04452943801879883
0.6660936705522171
12.137896825396826
0.04460644721984863
0.7030888267188619
21.3640873015873
0.04481315612792969
0.7603365660495179
17.90972222222222
0.04461789131164551
0.7868884403432281
15.231481481481483
0.04482007026672363
0.7628273836417669
22.619047619047617
0.0448155403137207
0.6571984625921423
22.678571428571427
0.044901132583618164
0.6355029664221564
11.215277777777779
0.04509544372558594
0.6175049210613666
0.0
0.04485821723937988
0.5785511728598107
17.274305555555557
0.04489755630493164
0.5758342275735396
29.739583333333336
0.044782400131225586
0.7348006239252879
48.50694444444445
0.04490184783935547
0.622487513647966
29.305555555555557
0.04491257667541504
0.5390198129869818
17.569444444444446
0.04485583305358887
0.6551758732386006
38.75
0.04480338096618652
0.8033044050138727
29.108796296296294
0.0444796085357666
0.7639097978789491
38.3912037037037
0.044443607330322266
0.7476465242799575
11.532118055555557
0.044780731201171875
0.7613043439269835
17.609953703703702
0.04475975036621094
0.7588287608367668
17.496843434343436
0.04452633857727051
0.7738792892650105
33.535879629629626
0.04444146156311035
0.7830984179946631
24.0
0.04474496841430664
0.7786476024844006
19.743923611111114
0.04517984390258789
0.7426845759545879
14.037698412698413
0.04444098472595215
0.781934158818136
21.26736111111111
0.044425249099731445
0.7819768535119791
26.211805555555554
0.044307708740234375
0.7686685784989666
35.24537037037037
0.04482555389404297
0.7706979788938282
36.626984126984134
0.04532361030578613
0.5936431527573897
40.39351851851852
0.044876813888549805
0.5053660112592557
21.11111111111111
0.04472041130065918
0.726216434268262
6.145833333333333
0.04432964324951172
0.7351686887829297
17.727272727272727
0.04462432861328125
0.7045947696120243
19.55295138888889
0.04459190368652344
0.6796608091885936
19.401041666666668
0.044655561447143555
0.6131709475558312
10.390625
0.04479813575744629
0.6292054193369984
9.560185185185185
0.044801950454711914
0.6273457553798113
16.73611111111111
0.0449373722076416
0.6380325850522934
25.17361111111111
0.046022891998291016
0.6839988752856029
11.475694444444443
0.04451560974121094
0.7346052400166839
25.40798611111111
0.04431343078613281
0.7746825101211543
18.377525252525256
0.04438328742980957
0.7604114760026156
21.655092592592595
0.04459381103515625
0.7679599896355412
11.985479797979794
0.04445505142211914
0.6871204774899429
16.513888888888893
0.04429292678833008
0.741500446617343
39.41550925925926
0.045987606048583984
0.7125985079660215
17.803819444444443
0.044599294662475586
0.6914188586949186
11.160714285714288
0.045104026794433594
0.727164618910064
38.255208333333336
0.044740915298461914
0.7671289644890215
26.694444444444446
0.04441332817077637
0.7542490824844599
24.51388888888889
0.044928789138793945
0.7214008671750504
50.60763888888889
0.044730186462402344
0.7146746015974718
9.340277777777779
0.044541120529174805
0.7337363085240018
24.40972222222222
0.04597592353820801
0.7059569774118162
35.111111111111114
0.044686079025268555
0.6911372904394961
30.260416666666668
0.04440665245056152
0.7745985088864921
44.470486111111114
0.04495811462402344
0.7468827747153824
31.099537037037038
0.04443621635437012
0.7854092163708094
28.819444444444443
0.04518008232116699
0.7070303730121084
17.118055555555554
0.044556379318237305
0.7679959024018009
28.715277777777775
0.04500937461853027
0.7886419804666145
26.145833333333332
0.04497575759887695
0.7112999849703291
22.692901234567902
0.04466366767883301
0.7288117611612969
24.801587301587297
0.04479575157165527
0.7247546051290568
32.604166666666664
0.04490351676940918
0.7398267910765131
12.418981481481481
0.045197486877441406
0.7411203037250015
19.12037037037037
0.044791460037231445
0.79302186358813
20.958333333333336
0.04479503631591797
0.8090355018001579
10.89699074074074
0.04630565643310547
0.7821220739207226
12.743055555555555
0.04538607597351074
0.701557943307656
16.380208333333332
0.04613184928894043
0.7172781949788273
13.0
0.04468536376953125
0.7679874054796192
13.990162037037036
0.046271324157714844
0.6891380501887107
13.87310606060606
0.04496359825134277
0.6694173806746492
14.895833333333332
0.04491734504699707
0.6413613710506069
29.6875
0.04484868049621582
0.6132253371148799
22.1875
0.044997453689575195
0.6561542453521044
0.0
0.04495406150817871
0.6811944299250803
48.923611111111114
0.044840335845947266
0.6478218521315393
32.13541666666667
0.04483771324157715
0.6469585234876997
18.61111111111111
0.04494643211364746
0.6033877185020153
0.0
0.04504871368408203
0.6561834442028726
0.0
0.046674251556396484
0.731098485278052
40.416666666666664
0.04549050331115723
0.7518009006244302
34.22743055555556
0.04630279541015625
0.6704782418017711
38.802083333333336
0.044931650161743164
0.6679507824476865
31.28472222222222
0.04506683349609375
0.6800841750841752
11.377314814814817
0.044320106506347656
0.7168972258678143
32.800925925925924
0.04454302787780762
0.7215769029159123
13.57638888888889
0.04498696327209473
0.6393029193029193
18.819444444444446
0.04427051544189453
0.6008465608465611
0.0
0.044579505920410156
0.7053529663204586
0.0
0.04483175277709961
0.7437533748214863
34.52546296296297
0.044414520263671875
0.6930018891783598
18.61111111111111
0.04488635063171387
0.7341625041625041
22.8587962962963
0.044769287109375
0.6979437229437229
11.015625
0.04459691047668457
0.7311495911495914
28.819444444444443
0.04487729072570801
0.5784807567160508
22.77777777777778
0.044486045837402344
0.597048692048692
9.027777777777779
0.04446673393249512
0.6735185185185185
9.51388888888889
0.04537820816040039
0.656969881969882
23.819444444444446
0.04479861259460449
0.7782763532763535
18.31597222222222
0.04485917091369629
0.7723125280865218
21.041666666666668
0.04618239402770996
0.7418778879072998
34.895833333333336
0.04490995407104492
0.7700841750841753
12.65625
0.044388532638549805
0.7531971101940144
18.776041666666664
0.045005083084106445
0.720929440929441
7.552083333333333
0.044564008712768555
0.9175272875272874
12.1875
0.04551219940185547
0.846924001924002
17.708333333333336
0.04486560821533203
0.852982202982203
18.72685185185185
0.04454517364501953
0.846904761904762
17.90509259259259
0.04467177391052246
0.9474867724867726
50.97222222222222
0.044719696044921875
0.8281475931475933
33.59375
0.04533505439758301
0.6715079365079365
115.9375
0.044797420501708984
0.7078160728160728
112.01388888888889
0.04451417922973633
0.6497354497354498
13.993055555555555
0.04575037956237793
0.4660052910052911
7.013888888888888
0.04571723937988281
0.5741243941243941
0.0
0.04453682899475098
0.5805820105820106
0.0
0.044501304626464844
0.8174603174603177
22.46527777777778
0.04461860656738281
0.6626190476190478
31.875
0.04426074028015137
0.741111111111111
49.13194444444444
0.045107364654541016
0.7291269841269842
18.47222222222222
0.04442405700683594
0.5940476190476189
0.0
0.04528474807739258
0.24555555555555558
0.0
0.04435372352600098
0.1746031746031746
0.0
0.04449105262756348
0.42874847374847375
0.0
0.04488515853881836
0.5848049373513771
6.527777777777778
0.044150590896606445
0.6901587301587302
0.0
0.04442119598388672
0.7426719576719576
29.02777777777778
0.04462718963623047
0.6137705844838631
40.65972222222222
0.044766902923583984
0.5655182078391924
16.041666666666664
0.04565596580505371
0.4580532865826984
8.784722222222223
0.04549908638000488
0.5142293101099804
0.0
0.04490542411804199
0.5487863551614841
22.899305555555557
0.0448148250579834
0.5212229124710681
24.444444444444443
0.04486870765686035
0.4848458961632336
0.0
0.04519224166870117
0.6318003656454324
0.0
0.04608035087585449
0.5752306403596837
0.0
0.04676651954650879
0.6744187506441909
6.666666666666666
0.04471278190612793
0.6120562703355251
15.243055555555557
0.044669389724731445
0.615846736742214
9.502314814814815
0.04506945610046387
0.5946818569088792
34.791666666666664
0.0446469783782959
0.6329148393994792
22.798611111111114
0.04466509819030762
0.6300598455268188
29.111111111111107
0.04454374313354492
0.7544555764747825
31.944444444444446
0.04452943801879883
0.6706684851250472
21.041666666666668
0.04468274116516113
0.8036041137511725
15.625
0.044733285903930664
0.6027748267211812
23.506944444444446
0.04475688934326172
0.6220609417397152
52.835648148148145
0.044621944427490234
0.5483823733598218
23.59027777777778
0.04472994804382324
0.5973455647769692
13.437499999999998
0.04509782791137695
0.6154794617522812
40.12152777777778
0.044736623764038086
0.6592798619962861
30.85648148148148
0.04472947120666504
0.6236117976710839
65.36458333333333
0.04431414604187012
0.595562861428202
89.20138888888889
0.044167518615722656
0.5834253768355341
32.76909722222222
0.044452667236328125
0.5597030218384657
29.186507936507933
0.04636716842651367
0.5523145798660604
26.197916666666668
0.04590010643005371
0.5103667328979811
132.5
0.044415950775146484
0.614148128558233
0.0
0.044922828674316406
0.5928106724193681
5.555555555555555
0.04455995559692383
0.5843460173098415
9.23611111111111
0.04675173759460449
0.4974519152530148
12.8125
0.0447998046875
0.5072879458921771
8.567708333333334
0.045859575271606445
0.5018294946815008
20.3125
0.04471635818481445
0.5154573988863046
14.565972222222221
0.044649600982666016
0.5818395057017348
99.58333333333334
0.04469728469848633
0.6382819573285526
45.370370370370374
0.04431867599487305
0.6380667049017938
14.212962962962964
0.044359445571899414
0.5971842091553964
16.795634920634917
0.044771671295166016
0.5515832971904332
28.40856481481482
0.044890642166137695
0.5701479093576876
26.85185185185185
0.04491758346557617
0.5775419499522448
26.333333333333332
0.04464221000671387
0.5865274921819198
22.453703703703706
0.044455528259277344
0.4673000180666603
24.340277777777782
0.04637002944946289
0.4861391728366124
5.972222222222221
0.04462265968322754
0.5080257112753216
3.3072916666666665
0.04569101333618164
0.4460266871584519
4.259259259259259
0.04579305648803711
0.4591642330323345
9.90451388888889
0.0443575382232666
0.4626885315909075
20.72337962962963
0.04456162452697754
0.551178890845122
17.395833333333332
0.04588675498962402
0.5764669973222074
11.909722222222221
0.045807600021362305
0.6370198212919908
9.982638888888888
0.045083045959472656
0.5989066864351641
15.104166666666666
0.044594526290893555
0.5941866075773193
4.769965277777778
0.04460620880126953
0.6296616531858121
23.40277777777778
0.04465293884277344
0.6513437006753071
13.116319444444446
0.044652462005615234
0.6300370947004877
33.333333333333336
0.044380903244018555
0.6823712649112992
20.53240740740741
0.04405999183654785
0.6946095081853595
18.26388888888889
0.04478812217712402
0.6155274630191203
39.583333333333336
0.0458836555480957
0.6152146879649062
66.57986111111111
0.04481649398803711
0.5776947078568663
41.67824074074074
0.0444180965423584
0.5557811289460463
23.21759259259259
0.04474472999572754
0.5860659871642301
49.00462962962964
0.04439663887023926
0.6131362641490002
32.21643518518518
0.04465150833129883
0.5635950477192951
32.59027777777778
0.044237613677978516
0.6184641507285481
33.42881944444444
0.04481363296508789
0.6287520412335651
25.815972222222225
0.0444638729095459
0.6342491187576413
51.66666666666667
0.04477858543395996
0.5988642831564704
19.53125
0.04486727714538574
0.5950985867475597
26.412037037037038
0.04465174674987793
0.6004923391111526
7.504340277777779
0.04505801200866699
0.5892234301022817
63.81944444444444
0.04457592964172363
0.6084106197259923
51.44097222222223
0.04466581344604492
0.5875280705914937
35.451388888888886
0.044776201248168945
0.5150088975306155
69.6875
0.044658660888671875
0.5804194568466384
42.04861111111111
0.04470229148864746
0.5711880913279689
24.47420634920635
0.04467320442199707
0.6191124355447459
15.682870370370372
0.044656991958618164
0.649360362722437
10.254629629629632
0.04453587532043457
0.6537801239155523
17.36111111111111
0.04477071762084961
0.7211223986638337
27.02777777777778
0.04522371292114258
0.6882595519642934
61.076388888888886
0.04470396041870117
0.6429187969007647
32.65046296296296
0.04455089569091797
0.6516067987245514
17.63888888888889
0.04517340660095215
0.5965191928311335
7.8125
0.043966054916381836
0.6319422098704798
22.239583333333332
0.04417562484741211
0.6162918957708424
17.067550505050505
0.04404306411743164
0.6132931630766675
16.378968253968253
0.04452681541442871
0.6478815458928232
22.30902777777778
0.04445672035217285
0.6422937063470595
65.4050925925926
0.04453086853027344
0.6425275868227145
39.21296296296296
0.04459333419799805
0.6059463613834757
22.261904761904763
0.04454922676086426
0.6842386272959693
51.27314814814815
0.04483461380004883
0.6593674142861354
0.0
0.04411458969116211
0.6690160743212404
38.58796296296297
0.04403495788574219
0.6595157493274857
59.16666666666666
0.0445706844329834
0.7135986847066039
32.58680555555556
0.044438838958740234
0.7010500714671416
10.143849206349207
0.045740604400634766
0.6775309821452105
10.444444444444445
0.0442347526550293
0.7085173247056549
10.024801587301587
0.04436540603637695
0.6342394873308866
59.86111111111111
0.04416823387145996
0.6493941089962998
10.260416666666668
0.044481754302978516
0.6726724073622183
31.631944444444443
0.044640302658081055
0.6591574603180091
31.40625
0.045519113540649414
0.7159893334021082
25.68576388888889
0.044533729553222656
0.6357713629150651
17.858796296296298
0.04447817802429199
0.6203317264233227
24.878472222222225
0.04562854766845703
0.6923947329832117
21.853298611111114
0.04448580741882324
0.7089199326000294
37.26388888888889
0.04437971115112305
0.6347941151170245
24.301215277777775
0.04567146301269531
0.5949617601119269
15.740740740740739
0.044303178787231445
0.6284057662711832
0.0
0.04438614845275879
0.6185866155731364
8.29861111111111
0.04450726509094238
0.6227754133948646
18.75
0.04472851753234863
0.6071415312601817
6.820436507936508
0.04405546188354492
0.5596990436658866
13.692129629629628
0.04468488693237305
0.572952140251296
9.314236111111112
0.044269561767578125
0.5569528193473838
72.46527777777777
0.044380903244018555
0.5306316630875597
18.854166666666664
0.04429459571838379
0.5307934090001
19.541666666666668
0.044434547424316406
0.6289666180113751
0.0
0.04433941841125488
0.6150492627842653
8.072916666666668
0.044237375259399414
0.5841824837709154
19.375
0.04583930969238281
0.5898421361176107
0.0
0.044304847717285156
0.5350161077822915
17.78935185185185
0.04435992240905762
0.5413030765204117
6.498842592592592
0.04487442970275879
0.5384991300502798
9.809027777777779
0.04442620277404785
0.5131592627915041
14.191468253968255
0.045534372329711914
0.555953908876164
42.164351851851855
0.044216156005859375
0.6347129938600833
85.69444444444444
0.04398322105407715
0.5572625321538365
0.0
0.04424405097961426
0.5794899914899915
0.0
0.044415950775146484
0.6253499284823403
135.27777777777777
0.044474124908447266
0.639630765019561
46.656746031746025
0.04407453536987305
0.6992764616496867
18.09027777777778
0.04429507255554199
0.6353302871588196
0.0
0.04393148422241211
0.6463190897584492
69.89583333333334
0.04435133934020996
0.7937060442710598
49.670138888888886
0.045526981353759766
0.724314781079487
43.15972222222222
0.04433321952819824
0.6266657562710194
0.0
0.04421496391296387
0.45267455311572957
0.0
0.04405331611633301
0.6180230880230881
0.0
0.04401659965515137
0.4413776473937778
0.0
0.04451608657836914
0.48234185582792405
38.81944444444444
0.04469442367553711
0.4497505770802986
0.0
0.04460000991821289
0.44011670357780197
2.1736111111111116
0.04500246047973633
0.38041471059285725
37.838541666666664
0.04459667205810547
0.4485024277856423
0.0
0.04434466361999512
0.4855233042384746
26.07638888888889
0.044501543045043945
0.5622373453859522
0.0
0.04383087158203125
0.4684332652784665
0.0
0.043961524963378906
0.0
0.0
0.04397845268249512
0.0
0.0
0.04379868507385254
0.0
0.0
0.0438079833984375
0.0
0.0
0.04355907440185547
0.0
0.0
0.04371309280395508
0.0
0.0
0.04369664192199707
0.0
0.0
0.04431414604187012
0.35777548745108306
0.0
0.04587435722351074
0.581576925081569
17.361111111111114
0.04447579383850098
0.6849399938666884
20.607638888888886
0.0444490909576416
0.7144993017407205
21.822916666666668
0.04432511329650879
0.705389920868182
24.791666666666668
0.04461240768432617
0.7363893128842657
43.064236111111114
0.04434347152709961
0.6255569677701189
35.40277777777778
0.04453897476196289
0.6812469877579584
27.743055555555557
0.04443526268005371
0.7297269390707879
58.19444444444444
0.04581260681152344
0.6692673237744646
26.006944444444443
0.044861793518066406
0.6302483189111049
49.94791666666667
0.04407358169555664
0.7144074317446966
14.493055555555554
0.04430246353149414
0.7111063355775933
13.118686868686867
0.04437422752380371
0.7463754203954057
19.33159722222222
0.044277191162109375
0.7582538125467468
20.104166666666668
0.04571080207824707
0.70706621084676
18.88888888888889
0.04430580139160156
0.7661582819047396
14.0625
0.044452667236328125
0.7481387875764721
44.59490740740741
0.04443049430847168
0.757206221923166
32.560763888888886
0.04445290565490723
0.7166584198996151
24.87268518518518
0.04562211036682129
0.7197363457416057
50.46296296296296
0.04430246353149414
0.738882146181913
16.099537037037038
0.04566216468811035
0.7823504471251296
24.675925925925924
0.04518842697143555
0.7137184453670387
44.253472222222214
0.044265031814575195
0.706691432899671
38.40972222222222
0.04461503028869629
0.7571528871297338
24.594907407407405
0.04423832893371582
0.790525378456348
12.703373015873016
0.04396677017211914
0.6706595200244625
40.65972222222222
0.04403996467590332
0.6348511154036007
6.757812499999999
0.04470491409301758
0.5720659541163364
20.162037037037038
0.04549765586853027
0.6393846507732724
4.375
0.04428863525390625
0.6975837226409758
19.18154761904762
0.04435324668884277
0.6717982209570882
20.05787037037037
0.045655250549316406
0.6751123564915303
22.067901234567902
0.04431605339050293
0.6660582061713606
32.800925925925924
0.0443267822265625
0.5417030022510423
119.13194444444444
0.04431295394897461
0.6088222877011176
27.09722222222223
0.044912099838256836
0.6477857234913492
60.39351851851851
0.04408121109008789
0.6223983009586295
16.770833333333332
0.045013427734375
0.6439110026307144
80.17361111111111
0.04422330856323242
0.7174482410713866
8.746843434343438
0.045450687408447266
0.644161046449888
22.5
0.04559826850891113
0.747616784360568
23.72685185185186
0.04447770118713379
0.7415168368174486
21.71527777777778
0.04434347152709961
0.5649519551978422
44.67881944444444
0.04434704780578613
0.5408583598681213
27.604166666666668
0.04537367820739746
0.5354379548244366
21.31944444444445
0.04432082176208496
0.6957572321890028
21.145833333333336
0.045508623123168945
0.6167139785326214
24.791666666666668
0.04429316520690918
0.7061352257608248
131.80555555555554
0.04385066032409668
0.729712134260846
34.1724537037037
0.04548072814941406
0.7153571519931411
27.083333333333332
0.043996334075927734
0.6995169429461441
36.736111111111114
0.043907880783081055
0.5958475903988111
24.930555555555554
0.04439258575439453
0.6295510396502919
32.12239583333333
0.04429984092712402
0.6917298457178661
17.055555555555557
0.04409217834472656
0.6739890208881252
15.46064814814815
0.044083356857299805
0.7008972777016121
43.41435185185185
0.04502725601196289
0.6700523713164305
70.91435185185185
0.044442176818847656
0.6647778059258466
18.73263888888889
0.04424691200256348
0.7346406464820145
31.296296296296294
0.045659542083740234
0.6580471302113385
69.65277777777777
0.04546689987182617
0.7588605278495035
34.13194444444444
0.04404091835021973
0.7030524773085883
46.886574074074076
0.043766021728515625
0.8135808346807585
41.863425925925924
0.044441938400268555
0.8661846583521775
48.854166666666664
0.04426980018615723
0.676728823388624
7.083333333333334
0.0447993278503418
0.8213441002778653
31.493055555555557
0.04517674446105957
0.8896711854077043
33.28703703703704
0.0440211296081543
0.7979108628094402
27.187500000000004
0.045450448989868164
0.7944043984274453
23.097993827160494
0.04398059844970703
0.7529014318833089
22.51893939393939
0.04403090476989746
0.7235011587294607
17.63888888888889
0.044119834899902344
0.7208450744023902
14.974747474747472
0.04406332969665527
0.7599524464782433
14.715909090909092
0.04458737373352051
0.6951802277751861
18.096590909090907
0.04388737678527832
0.724414559173452
14.697420634920636
0.044290781021118164
0.7227999302395631
12.750000000000002
0.044033050537109375
0.740743547497455
10.154079861111112
0.044062137603759766
0.725571765760113
13.109217171717175
0.0451054573059082
0.735576839987555
12.745949074074076
0.044055938720703125
0.7565150435757709
10.78258547008547
0.0438535213470459
0.7515251052224738
11.639957264957266
0.04425954818725586
0.8294086042092563
11.225961538461537
0.04407048225402832
0.7362137203444504
17.075320512820515
0.04421567916870117
0.7304739955721022
12.44047619047619
0.04404735565185547
0.743184371226827
12.643518518518523
0.044058799743652344
0.7607244113640912
12.868589743589745
0.0457003116607666
0.7353849109766315
10.758547008547009
0.04518890380859375
0.6969998473885225
6.796875000000002
0.04384636878967285
0.7383287985624954
12.150848765432098
0.0442202091217041
0.7065260020137819
10.675154320987653
0.04395031929016113
0.7363405795567117
7.479745370370369
0.04437088966369629
0.8122904162505425
34.120370370370374
0.04396629333496094
0.6772723052770802
13.651620370370368
0.04393577575683594
0.618744453952027
9.583333333333332
0.0441131591796875
0.6831257587806678
9.706439393939393
0.04553365707397461
0.6636767638502737
10.00631313131313
0.044034481048583984
0.6646670483650958
15.055555555555554
0.045453548431396484
0.6767665359679522
20.36111111111111
0.04388904571533203
0.7137339727465687
16.45138888888889
0.04442191123962402
0.6562188200869316
9.953703703703704
0.04500889778137207
0.6559219374559677
25.3422619047619
0.04397130012512207
0.6353393554483221
15.016025641025644
0.04380059242248535
0.6474474182715727
23.984375
0.04432320594787598
0.647881322966416
15.440705128205128
0.04386019706726074
0.6397840300140188
14.43402777777778
0.04512166976928711
0.6525752536724336
4.861111111111111
0.0438838005065918
0.6676848999255501
17.666666666666668
0.04414987564086914
0.6129282117565908
34.988425925925924
0.04553842544555664
0.643408276969915
15.152777777777777
0.0458834171295166
0.673381770500506
17.84722222222222
0.04538726806640625
0.6386724628445929
17.15277777777778
0.04550600051879883
0.6686715493003579
10.386284722222223
0.04423069953918457
0.6800429050002813
14.184027777777779
0.04563617706298828
0.6137877692874677
10.927083333333332
0.04403257369995117
0.6159600891845435
18.71527777777778
0.04535174369812012
0.6645223195162663
26.744791666666668
0.04413557052612305
0.7190011586481077
24.70486111111111
0.04387187957763672
0.6569046602697334
29.768518518518523
0.04419064521789551
0.673077959309871
32.673611111111114
0.04431581497192383
0.7115631017454904
32.25694444444444
0.044193267822265625
0.6812340100539659
46.48148148148149
0.04460430145263672
0.6786877987182013
24.35763888888889
0.04539799690246582
0.6866609594161521
18.32465277777778
0.0453646183013916
0.5612131023809984
22.795138888888886
0.044295549392700195
0.602464865691656
29.972222222222218
0.04445052146911621
0.6760312425806531
27.633928571428573
0.04421591758728027
0.6580716787585974
33.73511904761905
0.04418182373046875
0.7399801696747449
23.685515873015873
0.04419898986816406
0.782375771652926
25.150462962962962
0.04426836967468262
0.789295398857843
46.15740740740741
0.0439753532409668
0.7896950434474302
16.934974747474747
0.04446244239807129
0.7683700116059372
32.59469696969697
0.04498171806335449
0.7241549360449893
20.90663580246914
0.04506206512451172
0.6902559644527216
20.381944444444443
0.04385018348693848
0.7020824922287314
19.973958333333332
0.04452681541442871
0.7375048187018253
24.371843434343432
0.044138193130493164
0.6827748085507044
17.717013888888893
0.04420781135559082
0.6736486788491849
16.22519841269841
0.04416942596435547
0.7238662765122039
19.96527777777778
0.04375338554382324
0.6922591511180457
29.31712962962963
0.04405641555786133
0.6734024939887663
19.153645833333332
0.04401230812072754
0.6950204257477323
23.038194444444443
0.04522585868835449
0.735286377259332
26.076388888888893
0.044092655181884766
0.6272330333777039
25.36111111111111
0.044103384017944336
0.5835022416476818
16.63628472222222
0.045386552810668945
0.5928967028943782
17.40740740740741
0.046029090881347656
0.5825242676067667
9.869791666666668
0.045401573181152344
0.5302894684185886
11.830357142857144
0.04535174369812012
0.5265325280503109
17.100694444444443
0.04423642158508301
0.7153892353676081
42.06018518518518
0.04464292526245117
0.691415155226947
38.913690476190474
0.044158220291137695
0.7042361904020688
41.875
0.04443526268005371
0.7641497625435943
22.0770202020202
0.04421377182006836
0.712037186422904
23.546626984126988
0.044205427169799805
0.7275056957228972
23.819444444444446
0.04418134689331055
0.7380389243795877
19.82905982905983
0.04392576217651367
0.7800818697352958
29.930555555555554
0.04436969757080078
0.7981213727989503
32.70138888888889
0.0443572998046875
0.7772232413471473
45.50347222222222
0.044300079345703125
0.7730058208425372
25.5150462962963
0.044268131256103516
0.6191976601081698
55.06944444444444
0.0445554256439209
0.5542694489248177
9.864583333333332
0.0443575382232666
0.5311048996423352
11.48611111111111
0.04480934143066406
0.6131547315273514
15.54861111111111
0.04432964324951172
0.6106136079812873
7.376893939393939
0.04424691200256348
0.591795764341531
8.898809523809524
0.04483914375305176
0.6212612346702506
0.0
0.044207096099853516
0.6695333522050165
55.49768518518518
0.045107126235961914
0.5884947047044461
35.86805555555556
0.04482889175415039
0.6194642841733692
46.145833333333336
0.044249534606933594
0.6066719119017768
48.967013888888886
0.04426932334899902
0.6024533943134401
12.106481481481481
0.044518232345581055
0.6113520485721957
9.298611111111109
0.04428911209106445
0.6227782858914601
25.43402777777778
0.04410600662231445
0.6565706054437815
53.38541666666666
0.04427647590637207
0.7549921097293554
17.86892361111111
0.04399752616882324
0.729712298255137
21.979166666666668
0.04393458366394043
0.6854150348842524
15.641025641025639
0.04429888725280762
0.6885011770108819
11.692129629629626
0.043709516525268555
0.7082299939430337
12.722222222222221
0.04433870315551758
0.7306097301942281
21.615740740740744
0.043929100036621094
0.7189250478661038
24.399801587301585
0.04400348663330078
0.7102367092785583
14.07986111111111
0.043657541275024414
0.6814115928727185
14.189814814814817
0.043917179107666016
0.5998098581817648
18.828125
0.044132232666015625
0.6199831746433655
15.271990740740742
0.043940067291259766
0.6296290495589985
7.921626984126986
0.04418230056762695
0.6149608099352419
10.127314814814815
0.04404759407043457
0.7064418184282127
11.709104938271604
0.04369521141052246
0.6741157205398329
12.978395061728394
0.04413485527038574
0.6972187238947286
29.60648148148148
0.04410433769226074
0.6329753125987853
16.23263888888889
0.045107364654541016
0.6397392990919107
16.020833333333336
0.04368281364440918
0.6245802959856898
23.368055555555557
0.044065237045288086
0.6346685424417645
12.6875
0.044016361236572266
0.649538365299542
19.730902777777775
0.04416632652282715
0.6069080057390718
40.05208333333333
0.0443267822265625
0.5816141126095814
16.188271604938276
0.04412245750427246
0.5211709937419143
11.244212962962962
0.04414224624633789
0.6185672394070885
12.868923611111109
0.04423856735229492
0.6301728056183226
25.0
0.0441594123840332
0.6556000405522919
22.57378472222222
0.04417872428894043
0.6330319245329109
29.340277777777775
0.04440593719482422
0.6458714181050184
30.298611111111114
0.04412388801574707
0.721164960778088
29.210069444444443
0.044036149978637695
0.7157786650881429
71.14583333333334
0.04409909248352051
0.6943757554918721
21.85763888888889
0.04372382164001465
0.6737787135843216
11.691919191919196
0.04400014877319336
0.7280216609277836
18.04253472222222
0.044943809509277344
0.7359727641707855
15.42824074074074
0.044176578521728516
0.652454922619947
40.76388888888889
0.04383683204650879
0.6288583289898233
6.880787037037037
0.04494595527648926
0.6776104961529279
26.513888888888893
0.04410219192504883
0.7113899172979468
23.705357142857142
0.044864654541015625
0.8085755635957547
25.028935185185187
0.04488635063171387
0.7653204072318524
51.23611111111111
0.043755292892456055
0.7358340253983335
34.6875
0.04386329650878906
0.6582865474590941
25.625
0.04505658149719238
0.6314426804946328
17.341269841269842
0.04358506202697754
0.6882682465307091
9.097222222222221
0.04390573501586914
0.748836523621719
25.297619047619047
0.04393792152404785
0.6953814582271792
13.512731481481481
0.045201778411865234
0.7088119048381991
29.23611111111111
0.04461789131164551
0.7172302370693546
24.73611111111111
0.04434394836425781
0.76723326931897
25.09722222222222
0.04409956932067871
0.8005270988942463
27.025462962962965
0.04398179054260254
0.734116508682596
20.02314814814815
0.04514455795288086
0.6745885727184652
15.017361111111112
0.04393720626831055
0.6713622834264749
13.00189393939394
0.043694496154785156
0.673084926515857
16.824845679012345
0.043904781341552734
0.69372054632907
19.09722222222222
0.0451200008392334
0.8065633114283789
20.64236111111111
0.043802499771118164
0.8130891245990789
37.966269841269835
0.044883012771606445
0.7629503483708416
24.247685185185183
0.04433035850524902
0.7341794590524645
14.188762626262626
0.04501080513000488
0.7856034903277762
25.52662037037037
0.04391670227050781
0.713522064031878
28.343253968253972
0.04400897026062012
0.7910500680945239
29.90079365079365
0.04486536979675293
0.6659102039021582
21.42361111111111
0.043691396713256836
0.6883666366897457
18.94965277777778
0.044153451919555664
0.6510041380341787
22.565104166666664
0.044077396392822266
0.6299238047380328
25.312500000000004
0.043836116790771484
0.5894965295666196
13.814484126984127
0.04407334327697754
0.6339356326183193
13.354166666666666
0.04545426368713379
0.6895531513151792
13.039772727272727
0.044243574142456055
0.6678579868014853
18.718749999999996
0.04414796829223633
0.7223973988095274
19.00252525252525
0.04380631446838379
0.686927301878258
14.766414141414144
0.0441594123840332
0.5774559601093112
23.076388888888886
0.04410982131958008
0.5608941485898973
17.395833333333332
0.04421401023864746
0.64110283362018
14.171006944444445
0.04480433464050293
0.6715473393898859
14.353298611111112
0.043793439865112305
0.6471011665259582
72.1875
0.04427814483642578
0.7693470339278176
20.196759259259252
0.044219255447387695
0.7625395880948076
13.33767361111111
0.04392504692077637
0.7237917737351772
18.900462962962962
0.04406857490539551
0.7089011631401706
27.786458333333336
0.04398798942565918
0.6988824257093811
26.840277777777775
0.04386615753173828
0.7519900818667654
12.907986111111112
0.04426860809326172
0.7791140887874225
27.152777777777782
0.04422879219055176
0.8574724358765005
37.89930555555556
0.04425525665283203
0.7914222454710071
14.0625
0.045320987701416016
0.7631889930228513
43.09027777777778
0.04390144348144531
0.6307166714917768
24.375
0.043834686279296875
0.6215974309848985
15.625
0.043712615966796875
0.6271483063998761
11.851851851851853
0.0439000129699707
0.6233590410198722
7.604166666666667
0.044104576110839844
0.6802494298818654
21.50462962962963
0.04384946823120117
0.7110041975297582
28.935185185185187
0.04390907287597656
0.6647078431210821
28.499228395061735
0.04434347152709961
0.6955875332689845
23.18287037037037
0.04406547546386719
0.6537071124653092
16.493055555555554
0.044168710708618164
0.6287569019890898
18.946759259259256
0.044030189514160156
0.5782348553645119
12.485119047619047
0.04431629180908203
0.5575513388103798
18.778935185185187
0.04450488090515137
0.5926361974957358
20.208333333333332
0.04417824745178223
0.6549611533947234
25.68865740740741
0.04425454139709473
0.6234116493551516
17.274305555555557
0.04412984848022461
0.5759638150091014
26.75347222222222
0.044008731842041016
0.5804681419137216
9.440586419753085
0.044226646423339844
0.6104334455605045
0.0
0.04388689994812012
0.6227236049010872
18.194444444444446
0.04397130012512207
0.6592145415024261
12.240918803418804
0.04436063766479492
0.6342931454435551
19.76851851851852
0.044145822525024414
0.5809383079943402
19.84375
0.04380226135253906
0.47902027838396527
12.037037037037036
0.044342756271362305
0.534642332579024
13.958333333333334
0.04414796829223633
0.5873313423205896
12.59920634920635
0.04421639442443848
0.6065673526096155
17.63888888888889
0.04419302940368652
0.6604249206800631
36.484375
0.04436206817626953
0.6371309660225127
36.236111111111114
0.04404854774475098
0.6574838981037857
32.83564814814815
0.04552793502807617
0.6744021837458936
6.34645061728395
0.04423356056213379
0.6307223372005573
0.0
0.04437088966369629
0.5926587250263421
19.947916666666668
0.044129133224487305
0.5610051478910012
16.96527777777778
0.044409990310668945
0.6286688621259372
18.975694444444443
0.043999671936035156
0.6987579243889179
25.150462962962962
0.04413914680480957
0.590316171094031
16.543209876543212
0.045412302017211914
0.570917947587314
19.41840277777778
0.04435014724731445
0.5435965305415018
32.786458333333336
0.043909549713134766
0.621661962118027
25.555555555555554
0.043994903564453125
0.6532322934627222
18.53298611111111
0.044168710708618164
0.5996272164834353
24.392361111111114
0.04385018348693848
0.7042467665472306
29.756944444444443
0.043741464614868164
0.6470896169002593
30.43154761904762
0.04434657096862793
0.5994121380308429
14.3349358974359
0.043634653091430664
0.6453771177359792
14.340277777777775
0.043810129165649414
0.6077596706708656
27.375
0.043663740158081055
0.6583929675136349
13.002136752136753
0.043793439865112305
0.6843748247540676
13.53174603174603
0.04392218589782715
0.676108846181594
23.34325396825397
0.04375457763671875
0.7018544007473593
13.043981481481483
0.04385495185852051
0.6643235749814836
17.455808080808083
0.04376339912414551
0.6433311876055332
12.03282828282828
0.04409623146057129
0.6791411431623572
22.86892361111111
0.04416370391845703
0.663966589613196
15.167824074074074
0.04373884201049805
0.6186652328304846
24.381944444444446
0.04409003257751465
0.654420907061641
30.229166666666668
0.04401206970214844
0.6701245465008818
0.0
0.04379463195800781
0.0
0.0
0.04332780838012695
0.0
0.0
0.0441737174987793
0.6958008658008659
0.0
0.0442965030670166
0.7414459328754079
29.81481481481482
0.04394698143005371
0.6603130545153305
25.150462962962962
0.04400992393493652
0.6759100062607964
27.416666666666668
0.043657779693603516
0.6703816923973954
14.756944444444443
0.04425358772277832
0.6268762653766593
14.544753086419755
0.044029951095581055
0.664441999795157
13.752670940170942
0.04387712478637695
0.6288022328188222
13.544560185185185
0.04386615753173828
0.6603108692438523
22.540509259259256
0.046005964279174805
0.7166834513845128
22.102623456790123
0.04533863067626953
0.690435541151836
16.770833333333336
0.043881893157958984
0.6769600231145693
16.127450980392155
0.04415011405944824
0.7195891156221265
25.96230158730159
0.0439302921295166
0.6804681328376386
19.331597222222225
0.04372382164001465
0.713742680974405
9.360532407407407
0.04388165473937988
0.7087685750472877
9.47668650793651
0.04389667510986328
0.6764709073896099
7.566287878787878
0.04390525817871094
0.7159346527775955
15.32986111111111
0.04478025436401367
0.7270076859521014
18.551136363636363
0.04392600059509277
0.7135617571736229
13.607954545454545
0.04405808448791504
0.7198498609692779
10.211226851851851
0.04406285285949707
0.7232160082944088
13.42013888888889
0.04412436485290527
0.7125245969200121
7.715277777777779
0.04426121711730957
0.6933895655781737
35.70601851851851
0.04413175582885742
0.7502990155843893
16.254960317460316
0.04413962364196777
0.6796611078655769
13.26388888888889
0.044123172760009766
0.6729632453740007
19.583333333333332
0.04409003257751465
0.7418399950242281
37.73148148148149
0.04426741600036621
0.8042396495140285
32.16435185185185
0.044422149658203125
0.8335060374422478
34.613095238095234
0.04421567916870117
0.7427892033351041
28.06051587301587
0.04435014724731445
0.7177627039048825
15.877976190476188