0.052123308181762695
0.8662513252788399
15.831886574074074
0.057465314865112305
0.8814416852026111
11.36863425925926
0.05660128593444824
0.8996678404867872
10.19748263888889
0.05886483192443848
0.9026294038101719
18.74565972222222
0.05697774887084961
0.896357540522683
10.92556423611111
0.05785393714904785
0.8945232940530976
12.687355324074074
0.057825565338134766
0.8726182248451685
32.88628472222222
0.057895660400390625
0.8949699862220598
12.877604166666666
0.059290170669555664
0.8734591016304337
17.2265625
0.059502601623535156
0.9243621069059611
10.856481481481481
0.058441877365112305
0.9043638245336888
14.668898809523808
0.056656837463378906
0.8913877709931697
18.06586371527778
0.05701565742492676
0.9109514442195383
12.194010416666666
0.05717873573303223
0.9204972324962838
21.763599537037038
0.05666399002075195
0.9062139099187422
33.02430555555556
0.058104753494262695
0.8766043633894167
39.81481481481482
0.057996511459350586
0.906160143494655
28.263888888888893
0.058271169662475586
0.9080890026198695
31.294126157407405
0.0579836368560791
0.9039994127433217
36.60069444444444
0.058011770248413086
0.895740465360748
39.982638888888886
0.05792689323425293
0.8326472781909036
35.73784722222222
0.05808687210083008
0.8619692130535135
28.214699074074076
0.0576629638671875
0.8205019319255004
16.27170138888889
0.05724287033081055
0.8542512380275787
3.8763503086419755
0.0580906867980957
0.8838032871448397
19.68894675925926
0.05803084373474121
0.8765393963718552
13.635706018518519
0.05831623077392578
0.9030610597327263
15.014467592592593
0.0584263801574707
0.8807117091340096
16.766493055555554
0.05838322639465332
0.8981627488560141
15.35329861111111
0.058370351791381836
0.8816019917408049
8.459821428571429
0.058560848236083984
0.9006747805524218
9.68185763888889
0.058519840240478516
0.8737655329948443
14.471932870370372
0.05834221839904785
0.8929191089924599
17.10503472222222
0.05750632286071777
0.8403544187734171
13.467881944444446
0.058423519134521484
0.8779142087341375
11.050347222222221
0.05787348747253418
0.8420544660772574
10.555555555555555
0.05843853950500488
0.8106365544117213
31.471354166666664
0.05849146842956543
0.8334670849126076
49.45963541666667
0.05731701850891113
0.8836195815175188
30.50347222222222
0.05782747268676758
0.8758267196522969
75.37543402777777
0.05738210678100586
0.8873942367287417
39.55512152777778
0.057370901107788086
0.9095709199834067
18.1005859375
0.05739951133728027
0.9055467538474408
21.728515625
0.057271718978881836
0.895899364283829
42.03269675925926
0.05806922912597656
0.894306479661959
25.686848958333332
0.05864357948303223
0.9247512119447878
20.40451388888889
0.057767391204833984
0.8696065582370353
60.99175347222223
0.057958126068115234
0.8910753376947455
18.697916666666668
0.058614492416381836
0.9298163709746685
10.293402777777777
0.06038212776184082
0.9215194968786923
28.228624131944443
0.05805778503417969
0.892718763099348
18.024209104938272
0.05730152130126953
0.9051076305554311
17.275545634920636
0.05873918533325195
0.9181608364808513
6.291956018518519
0.05859637260437012
0.911025700774972
24.694010416666668
0.05862116813659668
0.9041855024630294
6.006324404761905
0.0584561824798584
0.8658316479929905
11.42237103174603
0.057604312896728516
0.858336186007046
12.602719907407407
0.05834317207336426
0.8497160423230176
17.940848214285715
0.059029579162597656
0.911336631761428
21.03732638888889
0.057808637619018555
0.9280181909223849
25.610243055555554
0.05846905708312988
0.9178261130381814
10.105613425925926
0.058837890625
0.9309572822835405
18.51851851851852
0.059688568115234375
0.887871402475865
4.396701388888889
0.05793285369873047
0.9193858538800374
0.5815972222222222
0.05869126319885254
0.8998653395872088
16.822916666666668
0.05867576599121094
0.871721457667682
5.876736111111111
0.0589141845703125
0.9063988535794224
11.485460069444445
0.05847954750061035
0.9168104396388822
17.69965277777778
0.05959653854370117
0.9204949131174734
31.25542534722222
0.05884408950805664
0.9379538859260222
32.3755787037037
0.05902576446533203
0.8972694013073127
38.44184027777778
0.058716773986816406
0.8664712875403153
22.682291666666668
0.06059837341308594
0.8994080745000023
48.572048611111114
0.058832406997680664
0.8606542994254662
17.625868055555554
0.05890488624572754
0.8798397327712824
38.51996527777778
0.05813264846801758
0.8782558745054094
80.44704861111111
0.05809807777404785
0.9139956920597618
39.36197916666667
0.05832171440124512
0.9210543111575049
19.052083333333332
0.05879974365234375
0.9008835349333766
35.36024305555556
0.05854082107543945
0.8862793128281641
33.36284722222222
0.060332298278808594
0.8615346237694291
21.72309027777778
0.05966639518737793
0.8994712071217948
12.115885416666664
0.06031942367553711
0.9077172664017271
18.99956597222222
0.06013631820678711
0.8831322057152132
24.313151041666668
0.05863809585571289
0.9058455095837775
0.0
0.058283090591430664
0.9011955202975906
20.35652281746032
0.057940006256103516
0.8513478711093929
20.343424479166668
0.05867409706115723
0.8942096989278843
19.48061342592592
0.05841636657714844
0.8470661516027381
18.489583333333332
0.059233665466308594
0.9093656902455675
19.22634548611111
0.05755949020385742
0.9057798160142306
27.994791666666664
0.0585479736328125
0.8941424671365749
13.587239583333332
0.06038618087768555
0.8713053726845459
13.884548611111112
0.05849719047546387
0.899580976769831
17.62847222222222
0.05931711196899414
0.9118583723499025
21.04513888888889
0.058242082595825195
0.9119865550272283
17.450520833333332
0.06003141403198242
0.9102342509526821
21.11400462962963
0.05855154991149902
0.8933935144205009
18.146701388888886
0.05867195129394531
0.8907508458206866
27.73726851851852
0.059841156005859375
0.885498670974936
8.667534722222221
0.05866575241088867
0.8989773592484247
36.579861111111114
0.05865001678466797
0.8924841102214683
16.335358796296294
0.05974102020263672
0.8823472075174851
9.00173611111111
0.05800271034240723
0.8555803623435735
28.875868055555557
0.05794262886047363
0.8953855555785926
55.70891203703704
0.06028008460998535
0.904199188596606
16.756076388888893
0.05749034881591797
0.9214670801588486
37.56944444444444
0.058145999908447266
0.9039981040099867
10.894097222222221
0.05767369270324707
0.8658025506591333
29.796006944444443
0.06024289131164551
0.8687678156427788
15.436507936507937
0.05826830863952637
0.8813587622288978
34.72005208333333
0.05807161331176758
0.9090876262594929
0.0
0.05792689323425293
0.9039921281359695
26.01996527777778
0.05779719352722168
0.9022647333144733
22.413194444444443
0.05819821357727051
0.9081894811428578
12.057291666666666
0.057801008224487305
0.9199825343476693
19.11892361111111
0.05756878852844238
0.8978865394393442
36.550925925925924
0.05816173553466797
0.9115642738026892
23.130580357142858
0.05872607231140137
0.9137147910538169
13.139105902777779
0.058794260025024414
0.9253254617004234
16.048177083333332
0.05874371528625488
0.9349590440527537
41.81336805555556
0.05872988700866699
0.9122157073763114
14.84375
0.05881071090698242
0.8915386650801621
25.71552579365079
0.0588681697845459
0.8631602437819444
11.690972222222221
0.05876922607421875
0.8938559719473624
8.72048611111111
0.05853557586669922
0.921506987356879
26.567708333333336
0.05842280387878418
0.8975694120663816
20.346602182539687
0.05932283401489258
0.8987543354550083
13.913483796296296
0.05867815017700195
0.9006258304974651
50.35734953703704
0.0586698055267334
0.9111184287779982
31.520957341269842
0.05987691879272461
0.9371157918397763
21.575954861111107
0.05984354019165039
0.9289382071289344
25.384657118055554
0.05891132354736328
0.9381733215903881
17.42404513888889
0.058753013610839844
0.9080385569898206
31.228298611111114
0.058609962463378906
0.9070696827150948
58.25737847222222
0.05896782875061035
0.8936047505434244
31.580584490740737
0.05843067169189453
0.9240501242806091
0.0
0.05877113342285156
0.8930111509545047
7.016059027777779
0.058821678161621094
0.8794797810992133
0.0
0.059050559997558594
0.8590508804630042
0.0
0.05885624885559082
0.8832217433654114
4.331597222222222
0.05874800682067871
0.8777902954309132
12.36111111111111
0.060672760009765625
0.9076472145608903
6.2586805555555545
0.058264970779418945
0.8981623594856045
24.90017361111111
0.05818772315979004
0.8614426284721143
0.0
0.058434486389160156
0.885274470211541
7.059461805555555
0.058756113052368164
0.8867966163037406
0.0
0.0583193302154541
0.8886438223868784
12.112630208333334
0.05891060829162598
0.8711361423632912
11.21310763888889
0.05868840217590332
0.8920694195483198
10.536024305555557
0.05869865417480469
0.9037255398922066
5.121527777777778
0.058812856674194336
0.8735802477613539
25.59027777777778
0.0590214729309082
0.8942650874818473
14.915364583333334
0.058231353759765625
0.9056113750213561
20.29079861111111
0.05834650993347168
0.8643905661351318
9.360119047619047
0.058733463287353516
0.8553374570366805
11.519097222222221
0.05948948860168457
0.8682468716503313
12.144097222222223
0.05869174003601074
0.8631701305151719
13.958333333333334
0.05814862251281738
0.9164323054278698
14.444444444444445
0.05788826942443848
0.8955834253446743
18.25954861111111
0.05901455879211426
0.8990302476653025
24.17751736111111
0.05902981758117676
0.904035907669193
11.948350694444446
0.05930280685424805
0.9116192850494159
12.64431423611111
0.05919146537780762
0.901740702378884
15.738932291666666
0.059026241302490234
0.8743270458641291
25.870949074074076
0.05865883827209473
0.8639301257630122
79.93923611111111
0.057950496673583984
0.8034801219297836
9.431423611111112
0.05901288986206055
0.8238562485284258
9.244791666666666
0.058782339096069336
0.8386653188398646
10.21701388888889
0.0581660270690918
0.8315736522890987
34.70269097222222
0.058976173400878906
0.8313752604356053
11.202256944444445
0.05864429473876953
0.8246058504998636
53.697916666666664
0.05851316452026367
0.8471571814131785
31.44820601851852
0.05828666687011719
0.8355758389618936
12.135416666666666
0.05912423133850098
0.8477575205214861
52.49565972222223
0.058184146881103516
0.8213375229104207
30.3125
0.059023141860961914
0.8151883080836912
8.998635912698413
0.059101104736328125
0.830839130089751
11.178385416666668
0.06073570251464844
0.838272946711939
24.289641203703706
0.0588536262512207
0.8328877981595444
23.12934027777778
0.059374094009399414
0.8637616638972935
13.585792824074074
0.05915975570678711
0.8369914506942464
10.72730654761905
0.059165239334106445
0.8495082183886924
5.250651041666667
0.05897951126098633
0.8110198780413227
15.489366319444448
0.05866813659667969
0.8309572003173898
36.471354166666664
0.05820155143737793
0.8599433608544919
32.20746527777778
0.05911660194396973
0.8603873370332713
14.965277777777775
0.05860400199890137
0.8713777809525409
15.586660879629628
0.059134721755981445
0.8852230637432715
12.658222853535353
0.05900263786315918
0.8572187171300424
19.830729166666668
0.05914950370788574
0.879582754834784
26.572627314814813
0.05811953544616699
0.8813039087785313
14.202690972222223
0.058571577072143555
0.8715629100584608
6.640625000000001
0.0589139461517334
0.8682765184438334
5.061197916666666
0.059215545654296875
0.8293862909340209
8.248697916666666
0.058652400970458984
0.8713157758551181
26.38454861111111
0.057985544204711914
0.8492335298233588
11.97265625
0.05818915367126465
0.8434849351389005
11.95529513888889
0.058440208435058594
0.8839055871505157
11.16579861111111
0.05901145935058594
0.9287818946894987
10.381944444444446
0.058806419372558594
0.8993675021767341
5.474668560606061
0.05798745155334473
0.8760558383291862
1.8841145833333335
0.058960676193237305
0.8753092380227085
19.67303240740741
0.058721065521240234
0.8697015457575479
58.56987847222223
0.05927109718322754
0.8614435306203515
13.472222222222221
0.058419227600097656
0.8681355004588553
31.57009548611111
0.05893993377685547
0.8710432761142204
9.085648148148147
0.058899641036987305
0.8880407926768643
7.0717592592592595
0.059046268463134766
0.8613371750231743
9.790581597222221
0.05908799171447754
0.8763331728192274
24.583333333333336
0.05841350555419922
0.8285678812205017
7.921006944444445
0.05899333953857422
0.7862322018860809
9.984085648148147
0.05844616889953613
0.7678442081716413
3.4613715277777777
0.058991432189941406
0.8129087015420977
6.5625
0.058753252029418945
0.7764836062928294
8.980034722222221
0.05892348289489746
0.8709907491146903
9.7265625
0.05819869041442871
0.8647432971315114
0.0
0.05891227722167969
0.8792542433693533
8.851066468253967
0.05786585807800293
0.8882996786254167
59.80902777777778
0.05817103385925293
0.8970586223621788
11.654188368055557
0.05803871154785156
0.8729651792046975
52.75824652777778
0.05838823318481445
0.8651339277012517
7.475405092592593
0.05905938148498535
0.8910672445579636
8.931206597222223
0.059075117111206055
0.8921550642750158
23.76446759259259
0.05908799171447754
0.8812918929320465
14.0576171875
0.05875039100646973
0.9069180466648264
26.770833333333336
0.057775259017944336
0.9157634913844428
28.409288194444443
0.05840253829956055
0.8756487991589007
24.049479166666664
0.05820107460021973
0.8727229958507348
58.46137152777778
0.05794024467468262
0.8695210492297457
22.867838541666664
0.058821678161621094
0.8706283752461169
13.30295138888889
0.05920577049255371
0.8806234223305479
34.55620659722222
0.0577390193939209
0.8782438501227703
18.86545138888889
0.06059765815734863
0.8873707222855528
6.286168981481482
0.05850934982299805
0.9088148131771179
11.9921875
0.057765960693359375
0.8739939553123566
22.725694444444443
0.05882573127746582
0.8808080601351318
28.63628472222222
0.060477256774902344
0.8835271423618126
34.74934895833333
0.057890892028808594
0.8708333790839159
63.650173611111114
0.0577855110168457
0.8851852722690328
62.740885416666664
0.0582730770111084
0.8960420516512896
33.3521412037037
0.05761551856994629
0.9296456299676275
13.333953373015873
0.058379411697387695
0.9222933415256759
7.416811342592593
0.05794978141784668
0.8878071735060603
15.517939814814815
0.05785083770751953
0.8895043937941083
29.593460648148152
0.05788779258728027
0.9061544652028856
11.086309523809524
0.058028221130371094
0.9024584475991958
8.335069444444445
0.057390689849853516
0.9149700605565834
9.135664682539682
0.057692527770996094
0.9010393110388688
13.351417824074076
0.05774664878845215
0.8876278569692384
26.126736111111107
0.05824732780456543
0.8911966977734741
13.892795138888891
0.05771279335021973
0.8842944564499834
9.658420138888888
0.058069705963134766
0.9027608665042045
32.64756944444444
0.05951666831970215
0.8930639648603182
20.115559895833336
0.057744503021240234
0.8945858379555602
26.835317460317462
0.061208248138427734
0.8952241513126701
9.542100694444446
0.05876970291137695
0.8950565606378118
10.787450396825395
0.057940006256103516
0.9115847327489902
15.546875
0.057756662368774414
0.8856462681909917
19.728009259259256
0.059534549713134766
0.915182382487197
26.85474537037037
0.06084847450256348
0.8711880971006328
33.980902777777786
0.05846595764160156
0.8871284325517035
21.65581597222222
0.0603642463684082
0.9066493264661253
77.05729166666667
0.0576479434967041
0.8857361097480992
6.840277777777778
0.059058427810668945
0.8890576503572667
5.347222222222222
0.05857276916503906
0.830661752320749
15.09765625
0.05896711349487305
0.8593123643919492
14.496527777777779
0.05857396125793457
0.8600559230496078
14.063946759259261
0.05826711654663086
0.8800994924298922
7.05078125
0.057680368423461914
0.9216620089175517
9.749710648148147
0.057946205139160156
0.9129504418994858
10.264756944444445
0.05836629867553711
0.8986500306594731
9.036458333333332
0.05812716484069824
0.8724393099056267
7.7734375
0.057802438735961914
0.8922806068150382
25.62717013888889
0.058341026306152344
0.9140080655808898
9.579303075396826
0.05827951431274414
0.920331213536204
35.588107638888886
0.05869007110595703
0.8945894197803532
12.33669704861111
0.05887436866760254
0.9262625556430656
13.871527777777779
0.05851912498474121
0.8973837687030831
15.858289930555554
0.058852195739746094
0.909176251771322
15.42824074074074
0.058980464935302734
0.895229553859671
27.549913194444443
0.0584414005279541
0.884377076681798
9.72511574074074
0.05885767936706543
0.8827367505524404
12.592881944444446
0.058972835540771484
0.8770803782417488
57.834201388888886
0.059139251708984375
0.8441454212228121
30.760271990740744
0.05887746810913086
0.8593377357259129
16.223958333333336
0.05890488624572754
0.8673608891959067
19.469401041666668
0.05915975570678711
0.8940516342767105
22.32349537037037
0.05832266807556152
0.8935791787725986
38.101851851851855
0.057724714279174805
0.9087384196758829
21.38454861111111
0.05826878547668457
0.9246747634978784
17.156394675925924
0.05786538124084473
0.9210200015577511
35.339626736111114
0.05806159973144531
0.927874691395375
40.62174479166667
0.05800604820251465
0.9327630811615465
19.39670138888889
0.05803084373474121
0.8981047216229586
10.284288194444445
0.057950496673583984
0.8987944321868161
11.919191919191917
0.05859661102294922
0.9188207004937193
5.246913580246913
0.05905437469482422
0.9175122020340291
14.315682870370368
0.058374643325805664
0.8805833379223145
8.782552083333334
0.058168888092041016
0.9065961386426561
11.833526234567902
0.05900716781616211
0.9036196160331413
23.850911458333332
0.05852675437927246
0.90958643878294
31.205357142857142
0.059194087982177734
0.8558664166986987
22.882564484126984
0.058147430419921875
0.9183419630280103
15.819444444444446
0.058733463287353516
0.9402548151431411
25.766300154320987
0.05840873718261719
0.9251525732006559
11.758535879629632
0.058861732482910156
0.9024402919949446
18.102430555555557
0.05837726593017578
0.9089295125552261
12.81467013888889
0.05926799774169922
0.9223733481782488
21.024305555555554
0.0593111515045166
0.9182234394208416
15.726996527777779
0.05927395820617676
0.9147620125386176
21.491608796296294
0.05872154235839844
0.9087236072720639
6.940104166666667
0.059061288833618164
0.881146125730424
16.05902777777778
0.05949521064758301
0.9087975403023495
29.027054398148152
0.058319091796875
0.9111221951795251
22.502170138888886
0.05889415740966797
0.8943364311762337
21.21961805555555
0.05808901786804199
0.9286520442232579
32.35026041666667
0.05854225158691406
0.9169477341485364
39.65277777777778
0.05880165100097656
0.9089372690570171
26.796332465277782
0.05809926986694336
0.8858012540395195
17.73220486111111
0.059328317642211914
0.9107050062207523
11.258680555555555
0.058477163314819336
0.876732246148913
0.0
0.05795574188232422
0.9599999999999999
52.630208333333336
0.05226492881774902
0.2
41.940104166666664
0.05793190002441406
0.9250350895403473
60.15190972222222
0.05896139144897461
0.9210245727193721
20.936414930555557
0.060730695724487305
0.8853416953416955
16.85763888888889
0.058045148849487305
0.8881932721561205
61.78819444444444
0.059128522872924805
0.9088921262593135
35.87239583333333
0.05879616737365723
0.8951129539460406
30.378146701388886
0.05841946601867676
0.9275035146344374
30.119047619047617
0.05776572227478027
0.927020456777197
23.478732638888886
0.06084012985229492
0.9003128902067813
15.979456018518519
0.058930158615112305
0.8749366582465125
22.28298611111111
0.059884071350097656
0.9414240337645178
24.134114583333332
0.05794668197631836
0.9549860331027653
29.12295386904762
0.0579071044921875
0.9466322291915797
21.123697916666664
0.05813241004943848
0.9138067595392935
41.236979166666664
0.05893874168395996
0.953111343420941
38.064236111111114
0.058061838150024414
0.9304780859707276
43.811487268518526
0.05792355537414551
0.9167690104530412
21.961805555555557
0.05878019332885742
0.886834100689148
116.18055555555556
0.058936119079589844
0.863080144893686
12.842881944444445
0.05789923667907715
0.8927456810868342
14.139539930555554
0.05783271789550781
0.903366946786286
17.800925925925924
0.058135986328125
0.9039597761145747
21.106770833333332
0.05764293670654297
0.879292197689473
0.0
0.058249473571777344
0.9152888209457566
14.141493055555554
0.057660818099975586
0.875766242840052
6.807002314814814
0.05774259567260742
0.9021860818348579
15.7421875
0.05900263786315918
0.8945579122423084
14.097222222222221
0.058792829513549805
0.9049389292922128
11.283094618055557
0.058806657791137695
0.9045793772685344
14.08203125
0.0586245059967041
0.8975342604879938
7.039930555555555
0.05892610549926758
0.9106974586028928
18.33912037037037
0.05994129180908203
0.9160971957665751
12.21701388888889
0.05878567695617676
0.8931012757302509
22.8125
0.058800697326660156
0.9046182419123542
0.0
0.058843135833740234
0.8753977531543639
13.459201388888888
0.05890393257141113
0.9050519211639596
24.951016865079364
0.05902814865112305
0.9113307937201064
16.23480902777778
0.0580601692199707
0.8806295585425427
19.48871527777778
0.05809378623962402
0.915506318218291
106.5625
0.05912041664123535
0.8819107442572103
28.728298611111107
0.05934572219848633
0.8763901671828698
34.90668402777778
0.05956435203552246
0.861663681713274
5.987413194444445
0.05871081352233887
0.9009398642035398
36.890914351851855
0.05815553665161133
0.9281262781328546
15.649956597222223
0.059351205825805664
0.9268402940437279
7.686631944444444
0.05817270278930664
0.9174149832430082
36.032986111111114
0.05917096138000488
0.905894457476678
50.840567129629626
0.05862736701965332
0.904238591892425
34.868344907407405
0.05807328224182129
0.8911269446684053
14.273003472222223
0.05812335014343262
0.8998138693718921
36.00043402777778
0.05826306343078613
0.9140596999567951
10.134114583333332
0.059392452239990234
0.8938855683045362
14.137731481481481
0.05851578712463379
0.9215141833433639
12.087005876068377
0.05831742286682129
0.8847997341821202
11.817392676767678
0.05921649932861328
0.9106087112862228
13.68869357638889
0.05805325508117676
0.9094410911350728
15.194227430555557
0.0593867301940918
0.9137417917716605
14.040798611111112
0.0581357479095459
0.9199119755082431
17.743055555555557
0.05818796157836914
0.9158356754558262
71.18489583333333
0.05819129943847656
0.8865113796245517
8.134403935185185
0.0593259334564209
0.8929663269532215
27.9453125
0.05806159973144531
0.8870738422406195
37.903645833333336
0.05929827690124512
0.8966541591982758
13.169487847222223
0.05941128730773926
0.9225842931482481
18.190104166666668
0.058478593826293945
0.9019357999661569
26.2890625
0.058812618255615234
0.8945248496694628
13.832465277777779
0.05894064903259277
0.908051943757466
15.515873015873016
0.05882072448730469
0.8826942088346262
18.712022569444443
0.059525489807128906
0.8792658238834015
39.118923611111114
0.059281349182128906
0.8971740712163913
7.803819444444445
0.05959510803222656
0.916471964607982
87.25694444444444
0.05941295623779297
0.9225063392809196
56.20081018518518
0.059082984924316406
0.9011424963121326
23.839699074074076
0.05838942527770996
0.8640141828855634
26.356336805555554
0.058386802673339844
0.8802309413371353
22.92896412037037
0.05852985382080078
0.8916284060365341
43.32320601851851
0.05943632125854492
0.8998302085323439
29.017361111111107
0.05970335006713867
0.9028718066670713
60.15190972222223
0.05931806564331055
0.8639863491890857
59.216579861111114
0.059165000915527344
0.8877024222162161
15.538814484126984
0.059339284896850586
0.8584849001340182
8.382161458333332
0.05905318260192871
0.8826408570634329
10.010127314814815
0.05945158004760742
0.8701654713340451
11.440104166666668
0.059331417083740234
0.8509165802788767
24.889322916666664
0.058461904525756836
0.8420018740740888
20.6177662037037
0.05787324905395508
0.8472734749603552
26.556712962962962
0.05938267707824707
0.8714042771901093
84.27951388888889
0.059325218200683594
0.8675743516590197
13.774801587301585
0.058713436126708984
0.8371383906197291
12.05642361111111
0.059178829193115234
0.8060727512368382
10.690972222222221
0.059241294860839844
0.8950874075873204
19.60503472222222
0.058706045150756836
0.8971320059263024
12.365451388888888
0.05928158760070801
0.9215816781743554
30.33203125
0.05842924118041992
0.8997271712854897
71.7361111111111
0.05929303169250488
0.8545329461354289
38.854166666666664
0.05929756164550781
0.8724274206770394
22.64033564814815
0.05951952934265137
0.8527015779082098
63.14670138888889
0.05971264839172363
0.8712128964163081
55.61631944444444
0.05872607231140137
0.858752856469014
80.78776041666666
0.059374332427978516
0.906402169795263
13.9453125
0.059439897537231445
0.8944331983436925
10.185185185185185
0.05922532081604004
0.8548484854133407
15.077039930555555
0.05943012237548828
0.8533086081440063
52.39366319444444
0.05919933319091797
0.8779543606028307
129.19704861111111
0.059417009353637695
0.8433384629683595
0.0
0.05861306190490723
0.8722091819130454
14.683159722222221
0.05979633331298828
0.8993418845376167
0.0
0.05923795700073242
0.8503799761914135
34.29253472222222
0.05932950973510742
0.8660287400649603
34.841579861111114
0.059201717376708984
0.8324055343876675
34.597800925925924
0.05922079086303711
0.8679473171676152
11.999421296296296
0.05908775329589844
0.8819273088917501
13.15646701388889
0.059305667877197266
0.812965384003738
9.155092592592593
0.059194326400756836
0.8705729635948375
12.024739583333336
0.05926942825317383
0.8574113507924611
0.0
0.059336185455322266
0.8468094923270363
5.448133680555555
0.05933070182800293
0.8660825172340424
12.04861111111111
0.05909919738769531
0.8341373569487897
10.27488425925926
0.05906844139099121
0.802585460193393
8.16579861111111
0.059355974197387695
0.8408012987877933
27.416666666666668
0.05858659744262695
0.8194320464550194
10.170717592592593
0.059378623962402344
0.8750275011395396
12.34592013888889
0.058551788330078125
0.8888604989431683
30.212673611111107
0.05841064453125
0.8717639143751238
28.635416666666668
0.05854535102844238
0.844136348537902
24.717158564814813
0.05836009979248047
0.8894878149225975
29.974826388888886
0.05933547019958496
0.8735322679599042
8.932291666666668
0.059203147888183594
0.8952103218749894
9.29470486111111
0.0592653751373291
0.8816849339939004
8.336588541666666
0.05934262275695801
0.7940404766857857
9.506944444444443
0.05905961990356445
0.8617545346000723
30.275173611111107
0.05931901931762695
0.8907605593004828
13.598090277777777
0.059348106384277344
0.90742799012069
9.625868055555557
0.05866074562072754
0.8896208302784749
9.066116898148147
0.059172630310058594
0.8467341243880483
7.010633680555555
0.05928492546081543
0.8372342827330396
12.421875
0.05930829048156738
0.9470282172526049
28.61284722222222
0.05826830863952637
0.8947788889413307
26.291666666666668
0.05923295021057129
0.9205175495155185
56.97699652777777
0.059285640716552734
0.843252768731097
57.25260416666667
0.05926990509033203
0.8743985242889217
20.810908564814813
0.05928683280944824
0.9135544163721128
9.698350694444445
0.05995297431945801
0.8874744570639224
17.579210069444446
0.05821728706359863
0.814773604836916
7.538442460317461
0.05934286117553711
0.8749387731872813
106.58420138888889
0.059153079986572266
0.8688934173928607
55.55989583333333
0.059525251388549805
0.892501097917905
131.94878472222223
0.05920052528381348
0.9174293149081117
19.3359375
0.05966997146606445
0.9015843654201412
49.52256944444444
0.05838489532470703
0.8920886647493645
10.291666666666668
0.059712886810302734
0.8422182596687647
12.183883101851853
0.05915546417236328
0.8744844901500577
46.875
0.0602114200592041
0.8792731949658166
136.66232638888889
0.058915138244628906
0.8912570856172406
6.77734375
0.05800795555114746
0.9112612529880498
10.047743055555555
0.05823254585266113
0.8816613349822716
6.274181547619048
0.05807185173034668
0.9075577476418727
6.976686507936509
0.058145761489868164
0.9074811841044476
7.745949074074074
0.05920720100402832
0.8731050931610395
5.336371527777778
0.05808830261230469
0.9141000657848922
5.299479166666666
0.058327674865722656
0.9190636091323048
12.358010912698413
0.05915331840515137
0.8841759798653861
6.420355902777778
0.05923318862915039
0.8879898562637176
9.965277777777779
0.059320688247680664
0.8517138812467719
10.60329861111111
0.05941629409790039
0.8073641129729883
7.8920717592592595
0.05847930908203125
0.8008295958763721
8.373480902777779
0.05930638313293457
0.8580179539925941
7.630208333333333
0.0592038631439209
0.8643051492590013
12.035590277777779
0.058983802795410156
0.8999441688769679
7.3032407407407405
0.05915474891662598
0.8704082271173589
21.731770833333336
0.05940890312194824
0.8512409942898569
87.72569444444444
0.05904960632324219
0.8578105509028732
13.687065972222221
0.058501243591308594
0.8700801915965444
0.0
0.05859827995300293
0.905858585858586
0.0
0.058298587799072266
0.9207137584213537
53.12934027777778
0.05924344062805176
0.9189098723156698
21.526041666666668
0.059417009353637695
0.9006006032684937
34.036458333333336
0.05832052230834961
0.8932174615626344
8.460648148148145
0.0582582950592041
0.880976951683652
21.822916666666668
0.05917620658874512
0.9220355196130569
23.45672123015873
0.0591578483581543
0.904692418661551
16.2109375
0.05841064453125
0.9097297857649115
20.6640625
0.05856752395629883
0.9078483126403009
13.38045634920635
0.058472633361816406
0.8978463160946356
17.279730902777782
0.05936884880065918
0.9148246656376139
23.187391493055557
0.05933427810668945
0.9187778270481509
42.13324652777778
0.058534860610961914
0.8952528153300635
10.677083333333334
0.058444976806640625
0.8907567824989707
16.747685185185187
0.05842423439025879
0.8943954527803792
15.545789930555555
0.058614492416381836
0.900730641750375
17.330729166666668
0.05823683738708496
0.8657093766110244
11.08862058080808
0.05893206596374512
0.8673332366683807
16.362413194444446
0.058588266372680664
0.8637075291577517
13.715711805555554
0.05854535102844238
0.8774187299177628
15.851314484126984
0.0593419075012207
0.9075745193374494
19.015997023809522
0.058313846588134766
0.9028854406417604
28.369295634920636
0.05925774574279785
0.8729857506466353
64.93923611111111
0.060288190841674805
0.8978873378081844
21.69184027777778
0.05916714668273926
0.9001196770950864
15.233506944444446
0.05891680717468262
0.8817207775510959
13.938492063492065
0.05874228477478027
0.8697954681842944
24.37872023809524
0.058945655822753906
0.891976107088029
32.74305555555556
0.058126211166381836
0.8867883852856754
23.464409722222225
0.05785417556762695
0.8934158711069535
38.639322916666664
0.05832171440124512
0.8783528028597865
32.945601851851855
0.059088945388793945
0.8612386862828884
50.55555555555556
0.05818343162536621
0.8695993726074903
23.410373263888893
0.0590214729309082
0.875508559326635
25.890480324074073
0.058408260345458984
0.8621023494096184
41.24855324074074
0.05958056449890137
0.8725760013355515
18.054108796296294
0.05926704406738281
0.8811870379976329
9.907118055555554
0.05921220779418945
0.8952722844778312
12.822808159722221
0.059197187423706055
0.9043949202856122
11.038194444444445
0.057947635650634766
0.9100264277679013
27.36400462962963
0.060784339904785156
0.9056094202295082
13.140733506944445
0.0583498477935791
0.9011935864683178
20.63151041666667
0.05870819091796875
0.889469605849365
14.544270833333334
0.0582728385925293
0.8892042035017351
34.840494791666664
0.05855512619018555
0.8653136749374962
4.192708333333334
0.05795788764953613
0.8547544071370561
14.405381944444445
0.05924272537231445
0.8654349999490535
6.671006944444445
0.05854344367980957
0.8926557336555575
0.0
0.05854487419128418
0.8790546592145142
32.64214409722222
0.057875871658325195
0.8897569031355664
14.819878472222221
0.05903744697570801
0.9160648255015578
13.386863425925924
0.05911517143249512
0.9183430408086259
14.077690972222223
0.059014081954956055
0.9036019905601104
26.48871527777778
0.058098554611206055
0.8958872627539168
0.0
0.05936121940612793
0.8793232194354658
32.578125
0.058847904205322266
0.8714762779662597
10.35542052469136
0.058386802673339844
0.9046512952954181
13.57762896825397
0.058646440505981445
0.9172256159566309
16.009837962962962
0.058710575103759766
0.9161097679826143
19.02777777777778
0.05845022201538086
0.9215935296929203
20.45138888888889
0.05930924415588379
0.8899937745321527
23.690104166666668
0.0586085319519043
0.8927055422939195
5.920138888888889
0.05933189392089844
0.8843919767789303
16.30931712962963
0.05916094779968262
0.8551737318630678
0.0
0.058862924575805664
0.8545380341948267
32.74739583333333
0.05840110778808594
0.9097566770207064
38.343098958333336
0.059327125549316406
0.9042645646992035
27.30902777777778
0.05912137031555176
0.8607751605999912
17.374131944444443
0.05852556228637695
0.9165392575322691
0.0
0.05850863456726074
0.9019119129523929
30.952256944444446
0.058199405670166016
0.9145018407363138
35.23697916666667
0.05816388130187988
0.9271894721025773
15.498046875
0.05835103988647461
0.9201850808024357
32.272135416666664
0.05914735794067383
0.9056788019082126
18.07339891975309
0.05821394920349121
0.9198161122975498
30.906394675925927
0.05829906463623047
0.9207779624635616
18.706597222222225
0.05823206901550293
0.9293018474664968
15.66654265873016
0.059325218200683594
0.9067268106888129
15.377604166666666
0.05800223350524902
0.9429219717027102
25.95486111111111
0.05773019790649414
0.9329291419905449
22.124023437500004
0.05795931816101074
0.9398194036838424
34.20095486111111
0.058921098709106445
0.9315811443611618
38.88527199074074
0.059239864349365234
0.9013598082534492
51.707175925925924
0.05933403968811035
0.8725361457758508
31.305338541666664
0.05903148651123047
0.9315360889917221
10.940972222222223
0.05810546875
0.9125939867447277
19.034288194444443
0.05812263488769531
0.913902602752889
19.112955729166668
0.05815434455871582
0.9029949428591517
20.270543981481477
0.05913710594177246
0.8938418969815516
6.573350694444445
0.0591425895690918
0.8687279028161383
10.750868055555557
0.05915665626525879
0.8690509049487377
16.671006944444446
0.059240102767944336
0.8859359279633456
22.255497685185187
0.05921220779418945
0.9021085642983445
5.743923611111112
0.058229684829711914
0.9077233116102987
18.009982638888886
0.05850529670715332
0.9430226005770084
16.323350694444443
0.05793929100036621
0.9447858993686276
14.53125
0.059104204177856445
0.9200159578555722
11.35022095959596
0.058373451232910156
0.9093162137731933
17.36545138888889
0.057984113693237305
0.9356662367699713
35.505642361111114
0.05923199653625488
0.9132957616313634
20.497271825396826
0.05904030799865723
0.9103693754379292
17.404513888888893
0.05827951431274414
0.8888066342878693
30.352430555555554
0.05837821960449219
0.9148926575187378
34.50376157407407
0.05808448791503906
0.9065637327232934
31.943576388888893
0.05847811698913574
0.9232375259701426
27.6015625
0.0580136775970459
0.9200177292074615
8.770699786324787
0.05806875228881836
0.9097019631093257
25.965711805555554
0.058775901794433594
0.8958190644969903
21.521267361111114
0.0584101676940918
0.8961037691007114
87.09201388888889
0.0580439567565918
0.9265465749921727
20.880208333333336
0.059068918228149414
0.9407014170917931
26.812065972222218
0.058274030685424805
0.9217853716147161
24.911747685185187
0.058389902114868164
0.9234123555903088
24.780381944444443
0.058245182037353516
0.9397637326824667
27.592592592592595
0.05854916572570801
0.9262311961996582
28.350694444444443
0.058266639709472656
0.9244962933903603
34.3828125
0.058081865310668945
0.9176872816779161
13.910590277777777
0.059026241302490234
0.9152497385865594
15.291883680555554
0.05928206443786621
0.924040460304397
14.262152777777779
0.058768272399902344
0.9083077275479482
15.12225115740741
0.058855533599853516
0.9179769064333342
21.703559027777775
0.0589902400970459
0.9415098543262619
11.205512152777779
0.05914783477783203
0.9362745810672298
11.79832175925926
0.058989763259887695
0.8825776518555845
19.727802579365083
0.05955171585083008
0.8867190914882087
7.294379340277779
0.05866432189941406
0.9237871439517222
13.284143518518519
0.06101250648498535
0.8999702780956269
12.388020833333332
0.05924248695373535
0.8872250603149907
13.96267361111111
0.05870962142944336
0.8732216283315356
0.0
0.05911087989807129
0.9130906758241398
9.296875
0.059642791748046875
0.8927223343967484
21.575520833333332
0.059041738510131836
0.891526935359551
58.15755208333333
0.06084322929382324
0.8856450198756607
26.31076388888889
0.05923128128051758
0.9077154134578803
0.0
0.0586237907409668
0.8829772124851971
4.769965277777778
0.05945539474487305
0.8916802929633281
14.578993055555555
0.058693647384643555
0.8718154961653413
30.967881944444443
0.058264970779418945
0.8801656166903846
13.862847222222221
0.06128382682800293
0.9082406536818302
27.565104166666664
0.05936431884765625
0.8767522000416736
26.827256944444443
0.05957961082458496
0.8660735560735563
11.397569444444445
0.0583646297454834
0.8681873137755491
23.602430555555557
0.05832552909851074
0.8960182602055669
12.809895833333332
0.05943608283996582
0.8699803899803901
20.865885416666664
0.05827927589416504
0.8521049321049322
0.0
0.05902910232543945
0.8849870018755468
0.0
0.059240102767944336
0.9053952156661135
28.16695601851852
0.05864310264587402
0.8691233602998311
5.772569444444445
0.0584409236907959
0.9305098605098606
15.940393518518519
0.058423757553100586
0.9212890812890814
11.03732638888889
0.058554887771606445
0.9257653457653457
0.0
0.05915403366088867
0.848898693898694
22.07465277777778
0.05866646766662598
0.9083546083546085
8.324652777777779
0.05858039855957031
0.8842303992303994
9.891493055555555
0.0592801570892334
0.8590802226096345
0.0
0.05908536911010742
0.9524575424575425
0.0
0.060285329818725586
0.9444115831422333
6.753472222222222
0.06108832359313965
0.910935059092954
19.1796875
0.05945229530334473
0.8948629148629151
13.282335069444443
0.05854654312133789
0.9344996778820309
16.080729166666668
0.06000089645385742
0.8749555999556001
7.48046875
0.058701276779174805
0.978872053872054
11.666666666666666
0.058707237243652344
0.9462289562289563
13.131510416666668
0.059519052505493164
0.9292760942760943
15.05859375
0.05849099159240723
0.9747354497354498
17.77199074074074
0.058550357818603516
0.9772486772486774
33.19878472222222
0.058957576751708984
0.8915063640063641
34.322916666666664
0.058405399322509766
0.8394708994708995
115.52517361111111
0.05923056602478027
0.9231477781477783
112.21354166666667
0.05838155746459961
0.9045334295334297
14.088541666666666
0.060335636138916016
0.8955291005291008
7.569444444444445
0.059125661849975586
0.8833353683353685
0.0
0.058168649673461914
0.7196296296296297
0.0
0.05778360366821289
0.9044444444444445
23.20746527777778
0.05867338180541992
0.8643482443482445
31.610243055555557
0.05795168876647949
0.8935569985569987
0.0
0.05858612060546875
0.8928042328042329
0.0
0.0579066276550293
0.5851322751322752
0.0
0.0598905086517334
0.3977777777777778
0.0
0.058422088623046875
0.4320634920634921
0.0
0.058648109436035156
0.6522222222222224
0.0
0.059480905532836914
0.8691189104215756
7.808159722222222
0.058325767517089844
0.8213756613756615
0.0
0.05804085731506348
0.8499326599326599
28.74782986111111
0.05837512016296387
0.8071152872721746
40.51215277777778
0.059037208557128906
0.8259334089722989
26.922743055555557
0.060030221939086914
0.8398848156201097
11.61892361111111
0.058893680572509766
0.8112957689698167
0.0
0.059014081954956055
0.8089331063361891
38.54600694444444
0.05918169021606445
0.777613517504809
10.047743055555555
0.059221506118774414
0.726970297017203
0.0
0.05925607681274414
0.7907960281170001
0.0
0.05833125114440918
0.8573908899360396
12.59548611111111
0.060782432556152344
0.8810532434920606
0.0
0.059060096740722656
0.8476107959746034
15.5859375
0.05900406837463379
0.8739862168251312
12.50759548611111
0.05808258056640625
0.866454780044923
14.429253472222221
0.05823469161987305
0.9222763187295361
19.860243055555554
0.05839037895202637
0.914092199453276
25.108506944444443
0.0583953857421875
0.9489604989024646
20.79861111111111
0.058423519134521484
0.9348213719959172
19.43142361111111
0.05930900573730469
0.9692344692344694
15.843460648148147
0.05883145332336426
0.8847281437949281
21.68402777777778
0.05910134315490723
0.8967998709302933
30.130208333333332
0.05878448486328125
0.8675022515816263
25.763888888888893
0.058693885803222656
0.8543530626392831
12.612227182539682
0.058786869049072266
0.8901551852299604
56.37586805555556
0.058547258377075195
0.9023320350538031
48.96267361111111
0.058287858963012695
0.8695614019866895
47.91521990740741
0.057795047760009766
0.9187330772737653
36.953125
0.058559417724609375
0.8767555507868833
32.47178819444444
0.05895876884460449
0.8586319300550369
37.20594618055555
0.05805540084838867
0.8774766689782172
107.97309027777777
0.060186147689819336
0.8428273517815901
66.57552083333333
0.05924558639526367
0.8863609884393201
4.214409722222222
0.05836367607116699
0.8635083482398062
7.779947916666667
0.05918478965759277
0.8620407587892783
14.82204861111111
0.05975747108459473
0.8348199948662219
5.5078125
0.059216976165771484
0.8329187375183575
8.602430555555555
0.06101846694946289
0.8603512847097001
15.010850694444443
0.05901336669921875
0.8893347715627925
57.97960069444445
0.059020280838012695
0.9024873399411256
21.65798611111111
0.05885457992553711
0.9047576125741948
48.47945601851851
0.057821035385131836
0.8934709819816062
19.817708333333332
0.058982133865356445
0.8879912045710329
18.10004340277778
0.05921530723571777
0.8789246624105902
20.543077256944446
0.05966687202453613
0.8148736859114828
24.94853670634921
0.05946660041809082
0.8735570355477903
23.977864583333332
0.05933380126953125
0.8502300643963169
22.427662037037038
0.05847597122192383
0.8741646099246279
27.606336805555557
0.060677528381347656
0.840035898075301
4.131944444444444
0.058760881423950195
0.8636255770105137
3.6552372685185186
0.05898594856262207
0.8253765900255239
3.5267168209876543
0.058767080307006836
0.8386988602992841
9.585503472222223
0.05878734588623047
0.8445920571785887
16.20876736111111
0.05911111831665039
0.8874811791984036
16.182725694444443
0.06078815460205078
0.8938710707094412
1.7296006944444444
0.05866551399230957
0.9070098881046204
9.073350694444445
0.05887794494628906
0.8905633286584425
15.287905092592595
0.05889177322387695
0.8790695164422725
4.697916666666666
0.059563398361206055
0.8801649588611125
0.0
0.058481693267822266
0.8987875451671407
3.680555555555556
0.059365034103393555
0.9279718522366724
17.059461805555557
0.05830121040344238
0.9083569765778629
50.3515625
0.05872702598571777
0.9220413757061245
39.54210069444444
0.059264421463012695
0.9015043036746074
79.94140625
0.0605316162109375
0.9035586893770786
60.60980902777777
0.05912184715270996
0.8970973800972993
19.080825617283953
0.058537960052490234
0.8638342493150685
9.542824074074074
0.05930137634277344
0.9023398836699685
24.43287037037037
0.058240652084350586
0.9184511166225463
27.41916232638889
0.05999159812927246
0.8810069518106025
34.21730324074074
0.058122873306274414
0.890835524161954
28.538773148148152
0.059447288513183594
0.9061328420508385
13.171296296296296
0.05855393409729004
0.9360081379526687
65.12803819444444
0.05915355682373047
0.9079729799613148
18.223379629629633
0.0581517219543457
0.9053185234429812
29.838541666666664
0.059268951416015625
0.9040009329583891
11.012152777777777
0.058942317962646484
0.8887146544166341
65.71831597222223
0.05929708480834961
0.8856343907117326
22.274305555555557
0.05927586555480957
0.899140597612266
48.32465277777778
0.05913090705871582
0.828818029264953
28.30078125
0.059134721755981445
0.8884114449721933
6.6521990740740735
0.05936098098754883
0.9018266390709936
16.19140625
0.05908012390136719
0.9232168743797549
58.595920138888886
0.05856895446777344
0.9181452520501594
15.863715277777779
0.05924534797668457
0.8789772647243468
13.630208333333334
0.0592806339263916
0.921958015391816
43.77459490740741
0.05920100212097168
0.9187379494782599
40.00578703703704
0.05910348892211914
0.9177624059111272
52.122395833333336
0.058898210525512695
0.8630075022565634
13.14453125
0.05923199653625488
0.868807475954337
0.0
0.057682037353515625
0.8991633911029803
11.645833333333334
0.0579991340637207
0.9079418528151599
10.785156250000002
0.05805015563964844
0.8761440157583265
25.542534722222225
0.05841565132141113
0.9034942546864181
22.62065972222222
0.05932331085205078
0.9084897669919064
46.6796875
0.059333086013793945
0.9186320618675069
39.54137731481482
0.058990478515625
0.9153758403719642
22.63744212962963
0.058413028717041016
0.9352922582773776
61.892361111111114
0.05871725082397461
0.8791937669515094
14.262152777777779
0.05777549743652344
0.86175956219441
29.014756944444443
0.05788159370422363
0.8945478317265209
62.649016203703695
0.058756113052368164
0.922176496091848
68.40133101851852
0.05885672569274902
0.8952988010046781
27.7578125
0.058872222900390625
0.9240586092495635
16.087239583333336
0.05863475799560547
0.9016465995120384
11.528862847222221
0.05897378921508789
0.893458901435337
43.22482638888889
0.057770729064941406
0.8994141915176611
8.583984375
0.05837821960449219
0.9150383649561074
11.006944444444445
0.05903744697570801
0.8704169323052858
38.982204861111114
0.06054997444152832
0.887943152220361
48.068576388888886
0.05894184112548828
0.9122863203896614
26.906828703703706
0.0586543083190918
0.9108760388424577
47.25694444444444
0.06079745292663574
0.9230078718304614
25.811631944444446
0.05913496017456055
0.9002649547204299
49.06105324074074
0.05893373489379883
0.9167455650612862
49.754050925925924
0.0590815544128418
0.9072255327559611
10.321180555555555
0.05810379981994629
0.863809082774998
7.630208333333333
0.058927059173583984
0.8875332279086887
11.164930555555557
0.05903005599975586
0.8859779643079849
8.12282986111111
0.05922412872314453
0.9108617781749966
6.689453125
0.057817697525024414
0.8861556470611578
13.500434027777779
0.05898118019104004
0.8657520870159986
28.02445023148148
0.05880165100097656
0.8870747812199736
30.065104166666668
0.05906867980957031
0.8587235618652714
26.096643518518515
0.058145999908447266
0.8762217183013842
16.01128472222222
0.05884146690368652
0.8917192699334464
0.0
0.05876469612121582
0.8637647969480653
0.0
0.05878281593322754
0.8518714995611488
17.571614583333336
0.05963921546936035
0.8457896645281503
61.66015625
0.058381080627441406
0.824647922514888
17.17339409722222
0.05879926681518555
0.8581814219233725
7.381727430555555
0.057866573333740234
0.846896695976877
8.622891865079366
0.058869123458862305
0.867494808723352
12.455729166666666
0.05779695510864258
0.8451004834037903
23.59375
0.05849432945251465
0.8795448578310122
31.85546875
0.05878877639770508
0.8712164426187178
0.0
0.05883336067199707
0.811756964046707
18.975694444444443
0.057908058166503906
0.8813763048916953
133.22048611111111
0.05886578559875488
0.8849373507687699
34.460720486111114
0.05796408653259277
0.9173253102428957
18.311631944444443
0.058939456939697266
0.8392378366407401
0.0
0.05823016166687012
0.8427924625241897
70.078125
0.059023380279541016
0.9064877308220962
51.080729166666664
0.058492422103881836
0.8505745507216098
103.14670138888889
0.05895090103149414
0.8850582235102358
0.0
0.05911827087402344
0.6055218855218855
0.0
0.05863356590270996
0.8481257631257633
0.0
0.058869123458862305
0.8540727337391292
0.0
0.059320926666259766
0.824116684081686
35.70746527777778
0.059212684631347656
0.8370973044270259
12.191840277777779
0.059952735900878906
0.8333810821500283
2.3036024305555554
0.05880284309387207
0.8224397922935153
47.05729166666667
0.05834650993347168
0.7687586901419149
0.0
0.059139251708984375
0.7992004907343446
33.58072916666667
0.05939483642578125
0.8400171360112716
0.0
0.06052660942077637
0.835913467051238
11.822916666666666
0.05242419242858887
0.06666666666666667
0.0
0.0525355339050293
0.0
0.0
0.05221438407897949
0.0
0.0
0.051908016204833984
0.0
0.0
0.052780866622924805
0.0
0.0
0.05834197998046875
0.0
0.0
0.05819082260131836
0.0
0.0
0.05910444259643555
0.5264793370830522
0.0
0.06083226203918457
0.8753960615520046
11.494791666666666
0.05920839309692383
0.8913143921446706
20.9765625
0.0589902400970459
0.9278161330969661
21.62326388888889
0.059081315994262695
0.9022743522731838
44.36957465277777
0.05836987495422363
0.9201066591954573
46.08362268518518
0.059385061264038086
0.887595458765155
53.29716435185185
0.058283090591430664
0.9120875933118496
27.610677083333336
0.05909252166748047
0.9310449510911945
35.442708333333336
0.06085085868835449
0.8688372568787591
59.47048611111111
0.05811905860900879
0.894817948847995
35.374710648148145
0.057889461517333984
0.9076712801388874
14.3984375
0.05860304832458496
0.9027178114811387
12.558791035353535
0.058635711669921875
0.928025876533794
17.65697337962963
0.0587005615234375
0.903523924392071
12.94357638888889
0.06012725830078125
0.9112310580247025
18.90480324074074
0.057909488677978516
0.9009054698030704
12.549189814814815
0.05901789665222168
0.9173145375608097
59.11024305555556
0.05901384353637695
0.9226199694415061
41.32233796296296
0.058631181716918945
0.8825555074946602
45.70746527777778
0.060831546783447266
0.9151053439977889
32.107204861111114
0.058234214782714844
0.9157175936450017
33.7890625
0.06065821647644043
0.9324113080049862
28.838975694444443
0.0584564208984375
0.8991345745608874
27.147714120370367
0.058539628982543945
0.9092964297811874
30.547743055555554
0.05800461769104004
0.9157717322280081
27.811414930555557
0.05878782272338867
0.8952997960013012
12.612847222222223
0.05787944793701172
0.8747420040606311
40.329861111111114
0.058363914489746094
0.8627769838146441
6.844075520833333
0.05790305137634277
0.8407423019714653
20.40798611111111
0.06058931350708008
0.8683803263090778
4.809027777777778
0.05799984931945801
0.8976121864206398
16.26591435185185
0.0587916374206543
0.899170000696706
41.45399305555556
0.0606839656829834
0.9145570855814336
27.591145833333336
0.05891251564025879
0.8905055568143998
10.597511574074074
0.058303117752075195
0.8855328395203359
119.50086805555556
0.058855295181274414
0.914105324377681
34.236111111111114
0.058248043060302734
0.9102928214092117
44.79340277777778
0.058815717697143555
0.8869527769289195
14.94140625
0.058804988861083984
0.9192049195157309
77.74305555555556
0.058037757873535156
0.9264034916855588
25.397135416666668
0.06070089340209961
0.8953895514791884
14.793836805555554
0.060648202896118164
0.9089909929368113
23.009982638888886
0.05893516540527344
0.9058302297751685
21.401909722222225
0.05881834030151367
0.9001260299537852
38.90950520833333
0.05883336067199707
0.8640753238952
10.221354166666666
0.0583653450012207
0.8602322720627498
19.417920524691358
0.05889773368835449
0.9145651359131097
18.390625
0.05868721008300781
0.8883052981348976
25.27777777777778
0.05811190605163574
0.8727015588662199
53.025173611111114
0.057656049728393555
0.8997098677042018
47.29817708333333
0.059798479080200195
0.9065202529504492
16.93431712962963
0.057961225509643555
0.8964083243166218
64.140625
0.057929277420043945
0.8840946384616291
14.56814236111111
0.05810093879699707
0.9047149521951048
12.883680555555554
0.05782771110534668
0.9114564192576137
25.809461805555557
0.05810713768005371
0.9037207164454785
20.4453125
0.05778050422668457
0.9185085127340978
14.5703125
0.05955147743225098
0.9166944124609935
30.332341269841272
0.058988332748413086
0.9017001491096092
16.036537247474744
0.058478593826293945
0.9039846830054076
19.269386574074073
0.0589451789855957
0.8953047045860598
64.46397569444444
0.06048011779785156
0.9155644798854647
23.016493055555557
0.05772709846496582
0.8989576766200709
59.485677083333336
0.05826902389526367
0.8961258544894031
41.85185185185185
0.0589296817779541
0.9762385762385762
50.82465277777778
0.05804085731506348
0.8625236728054905
11.861979166666666
0.05890917778015137
0.9428935155882442
25.262586805555557
0.0578916072845459
0.945141714317595
22.74956597222222
0.05782818794250488
0.943874374163336
22.729552469135804
0.0598757266998291
0.9416674534562571
19.584056712962965
0.057643890380859375
0.9224721846637117
20.003100198412703
0.05771946907043457
0.912470233268185
16.391927083333336
0.057761430740356445
0.9325178521482648
15.382339015151517
0.05765867233276367
0.9283006139880311
13.583984375
0.05820059776306152
0.902693646758462
17.76141826923077
0.057915449142456055
0.921434872430567
10.709945436507937
0.058248043060302734
0.9244378606674502
10.742442810457518
0.058005571365356445
0.9053962636360765
11.572627314814815
0.058120012283325195
0.9180781504089999
13.80251736111111
0.05928325653076172
0.9278765444343392
12.456263354700853
0.05788779258728027
0.9202906282701341
9.964657738095237
0.05819869041442871
0.9174887466006075
11.353165064102562
0.05840015411376953
0.9550150048030167
10.751488095238097
0.05792713165283203
0.9175376945264536
19.720982142857142
0.05804586410522461
0.9160103905838611
10.606336805555554
0.05804300308227539
0.9324201230626006
12.225748697916668
0.05820417404174805
0.9203459442912217
12.695674189814817
0.059858083724975586
0.9243443553378464
9.313151041666668
0.0578768253326416
0.9310199640924538
7.143429487179488
0.05763435363769531
0.9314757360088398
12.112509645061728
0.05833840370178223
0.9041685851389231
10.375192901234566
0.05767560005187988
0.8945676018872387
8.633246527777779
0.05872917175292969
0.9262226875343575
11.319444444444445
0.05791521072387695
0.9110490169724341
16.17259837962963
0.057607173919677734
0.9091895173028399
9.030381944444445
0.058046579360961914
0.9390165709672192
7.620563271604938
0.06076836585998535
0.9238288025908014
9.228360615079367
0.05768013000488281
0.9045591959126701
14.077256944444446
0.059441566467285156
0.9120390580400954
11.903211805555557
0.057575225830078125
0.9004616569233354
17.999131944444443
0.05813956260681152
0.8697372902386558
32.395833333333336
0.05789065361022949
0.8796568737692101
17.63599537037037
0.057799577713012695
0.8970366905095101
15.154803240740742
0.057646989822387695
0.9052742763713607
12.300347222222223
0.05844616889953613
0.8814125783902388
13.463147095959595
0.0576329231262207
0.8962769502772215
8.072193287037036
0.05759763717651367
0.8780812710633367
9.188368055555555
0.057852983474731445
0.9072919233021518
11.957465277777779
0.058583736419677734
0.8705227927562347
19.78298611111111
0.06055188179016113
0.8897003079951072
12.807291666666666
0.06016254425048828
0.88694507751946
15.794270833333334
0.05848860740661621
0.8908307799517879
16.774088541666668
0.06066465377807617
0.8911802393384177
9.780381944444445
0.05873227119445801
0.8921339391730078
10.587866512345677
0.05876803398132324
0.9136745805250027
9.574258207070706
0.05804800987243652
0.8849767302184565
16.378761574074073
0.05894207954406738
0.8757129484360594
32.03703703703704
0.058716773986816406
0.902851945545773
36.919126157407405
0.05879569053649902
0.8753172085596983
25.48871527777778
0.05883979797363281
0.8795616884381671
29.290674603174605
0.05888009071350098
0.8950653322988542
33.346354166666664
0.058829307556152344
0.8938788180975439
51.59396701388889
0.05753731727600098
0.9052932983366192
24.128689236111114
0.05888819694519043
0.9007202237370695
37.74956597222222
0.05893969535827637
0.8852413914028298
19.401041666666664
0.05905270576477051
0.8924425659190597
36.232638888888886
0.05899667739868164
0.886694432264163
30.45283564814815
0.058821678161621094
0.8838831764858308
25.205729166666664
0.058984994888305664
0.9180013730370499
36.018725198412696
0.0587315559387207
0.9204285512548779
27.908528645833332
0.05820035934448242
0.9222578462282612
29.736111111111107
0.057935237884521484
0.9297699620684244
17.034288194444446
0.05852699279785156
0.9268654446686717
31.698908730158728
0.0581972599029541
0.9166989273018558
17.944010416666664
0.060114383697509766
0.8990615346946201
16.950713734567902
0.057813167572021484
0.9185158545181764
16.089015151515152
0.05800032615661621
0.9223960158302215
20.17795138888889
0.05872035026550293
0.8715227136631117
20.052951388888886
0.058795928955078125
0.8793236197585547
10.565972222222223
0.05867290496826172
0.9113828663741322
18.62673611111111
0.0576021671295166
0.8990974692948196
23.48871527777778
0.05849909782409668
0.9231126884932643
17.884548611111114
0.05869865417480469
0.9117636240498215
25.891927083333332
0.059908151626586914
0.9292268465103123
26.02690972222222
0.059183359146118164
0.9179426045374548
21.424851190476193
0.05869650840759277
0.8918082523408944
13.64836516203704
0.058620452880859375
0.901005950256529
14.893663194444443
0.05835986137390137
0.895785993611345
9.421296296296296
0.06066536903381348
0.8886530507366035
9.20681423611111
0.059112548828125
0.8718460697095235
12.43923611111111
0.05878186225891113
0.9181795189639139
13.203125
0.05833125114440918
0.8905158878921575
46.15668402777778
0.05880236625671387
0.9001924877040619
31.023220486111107
0.05836200714111328
0.9130924591850608
30.895957341269845
0.058695316314697266
0.8863992525648611
34.71245659722222
0.05815458297729492
0.9036299756123197
40.2857349537037
0.05876779556274414
0.9136536793527021
21.897035256410255
0.05788421630859375
0.919010439772079
32.33246527777778
0.058844566345214844
0.9482128543394848
27.57619598765432
0.058999061584472656
0.9219677362524042
48.28038194444444
0.05881452560424805
0.9127762552798784
29.766493055555554
0.05908036231994629
0.9064957137419298
23.49609375
0.05833554267883301
0.9065083968135716
9.472458964646465
0.05895638465881348
0.8908090749659376
9.254139957264957
0.058279991149902344
0.8970133351714195
65.95486111111111
0.05815601348876953
0.9234754311988348
12.054759837962962
0.05938363075256348
0.9065444181671782
7.690429687500001
0.05857229232788086
0.9185136634494332
13.836805555555555
0.0588078498840332
0.9094965900204267
129.09288194444446
0.05889320373535156
0.861984754868627
24.59201388888889
0.05889129638671875
0.8892222472518251
22.135416666666668
0.058929443359375
0.8910083753171663
35.162760416666664
0.05887722969055176
0.9075203887079956
11.862413194444445
0.05893087387084961
0.8810104032059818
8.708457341269842
0.0587620735168457
0.872806962467972
21.614583333333332
0.05840182304382324
0.8830096291844944
24.864366319444446
0.05800771713256836
0.9109047881262204
16.372147817460316
0.05807042121887207
0.9285426309543553
24.12422839506173
0.05813002586364746
0.8885846916445768
22.84367108585859
0.05770683288574219
0.8937415436182388
11.774172008547009
0.05750703811645508
0.8986084511564209
12.12058738425926
0.05804443359375
0.9022745823419082
24.260179924242426
0.0578150749206543
0.8961866448633095
52.30468750000001
0.058107614517211914
0.901893110892533
12.16796875
0.05754828453063965
0.8889434081533789
14.130497685185185
0.057768821716308594
0.8687043109832243
14.800347222222223
0.058150291442871094
0.8757946982136574
15.355902777777777
0.05775332450866699
0.8722304487648679
5.125
0.058637142181396484
0.8695224492951305
11.394856770833334
0.05807137489318848
0.9018455827679834
12.00466579861111
0.057698726654052734
0.8971776955326017
12.669270833333334
0.058797359466552734
0.9084372461810519
43.42158564814815
0.05803346633911133
0.8859949242884518
16.019570707070706
0.05747675895690918
0.8956718286935429
14.881944444444446
0.05756092071533203
0.8653795939918479
16.54079861111111
0.057929039001464844
0.8845320611804388
39.30338541666667
0.0586090087890625
0.8803138494060534
34.52256944444444
0.05876922607421875
0.8841532979036224
55.325520833333336
0.05875039100646973
0.8751502020807513
19.25843253968254
0.05876278877258301
0.8390942652129753
18.199869791666668
0.05860614776611328
0.9112644950647919
10.325038580246913
0.05884099006652832
0.8973107128999039
9.469039351851853
0.05873751640319824
0.8459348145252299
25.916883680555557
0.05895543098449707
0.7937488510057567
36.521267361111114
0.05820608139038086
0.8544588237325585
56.263020833333336
0.05889749526977539
0.9175569525475757
28.404017857142858
0.05804300308227539
0.9030359597528522
73.17708333333333
0.05770087242126465
0.9022051032970367
15.905877976190473
0.05758476257324219
0.8826561740373087
11.835069444444443
0.059564828872680664
0.8929198455764403
11.455853174603176
0.05769705772399902
0.8958292966265393
13.194444444444443
0.05876660346984863
0.8818002959296479
44.76345486111111
0.05767202377319336
0.8836876333956946
22.81032986111111
0.05812954902648926
0.8999601389020635
21.37152777777778
0.05885481834411621
0.898561604158489
35.96875
0.05887174606323242
0.8945898100759231
27.283854166666668
0.05759072303771973
0.9169267878078518
49.60394965277778
0.05771946907043457
0.9141622300978018
29.583333333333332
0.05792689323425293
0.8927773202940347
37.1412037037037
0.057562828063964844
0.9136494599005677
14.663628472222221
0.057924747467041016
0.9032009600338297
8.130063657407407
0.05785870552062988
0.9199741625585071
26.319444444444443
0.057715654373168945
0.9122327976979158
11.493055555555557
0.05855369567871094
0.9102588722847486
50.46440972222223
0.05800986289978027
0.8996776971861143
18.52322048611111
0.05898332595825195
0.9288576666292038
30.314236111111107
0.058200836181640625
0.9146546948571428
42.83745659722222
0.05795478820800781
0.9265719416263773
17.918836805555557
0.057753801345825195
0.883010114261937
15.593039772727273
0.057839393615722656
0.8896485585130287
13.548418209876544
0.05762600898742676
0.8946992759843767
16.290147569444443
0.05755734443664551
0.8935357427905793
16.315104166666664
0.05987238883972168
0.9122697923243496
16.434461805555557
0.05816984176635742
0.9328972919431222
24.69184027777778
0.059470176696777344
0.9022428935828101
23.35546875
0.058852195739746094
0.9021022202704939
20.246606691919194
0.059610605239868164
0.9138841774958151
26.001519097222225
0.05832242965698242
0.9014760782463174
24.89728009259259
0.05860590934753418
0.900022977881519
30.137028769841272
0.05752372741699219
0.8684445221431984
16.883680555555557
0.05822491645812988
0.910856270517085
17.526041666666664
0.05860090255737305
0.8781277794427226
22.033420138888886
0.057279109954833984
0.8594029195497883
12.094618055555554
0.0579683780670166
0.9013426757874942
10.454427083333332
0.05885505676269531
0.928695012886952
14.312375992063494
0.06059741973876953
0.9184844095976291
13.643904320987653
0.058977603912353516
0.9015100300291536
14.753844246031745
0.058327674865722656
0.9204319850294203
13.103966346153843
0.057991981506347656
0.9321875868345351
15.42361111111111
0.05887126922607422
0.8713694898007044
15.640190972222221
0.05887341499328613
0.8691182361577237
17.34375
0.05897712707519531
0.8732895880503487
13.973524305555555
0.05910778045654297
0.8545223962652226
13.200520833333334
0.057718515396118164
0.839169955971272
14.594184027777779
0.057692527770996094
0.930465401501561
21.858428030303028
0.05878949165344238
0.9219487403231209
12.762345679012347
0.05876779556274414
0.8929900798112549
12.50217013888889
0.058469533920288086
0.8830125756178963
30.9796626984127
0.05790424346923828
0.8779455837992926
33.184317129629626
0.058007001876831055
0.8922719168408713
16.53103298611111
0.05933976173400879
0.9067002682497692
13.3203125
0.05915427207946777
0.9404727784732946
24.79021990740741
0.05880427360534668
0.9023576437094929
57.189670138888886
0.05961322784423828
0.9205383256290123
30.052806712962965
0.05784153938293457
0.8632954981865436
15.265842013888888
0.057860374450683594
0.9067068785621115
14.862196180555555
0.05779886245727539
0.8999176033621996
11.278754340277779
0.057805538177490234
0.9004803693146161
6.375868055555556
0.05891680717468262
0.9131542673076992
22.042100694444443
0.058046579360961914
0.8991773461022378
30.76244212962963
0.057938337326049805
0.8627988421362874
25.713252314814813
0.05902266502380371
0.8820853939895077
14.70138888888889
0.05851578712463379
0.8942965108351513
15.853587962962962
0.058428287506103516
0.9102251437861049
13.038194444444443
0.05896782875061035
0.8835408643393211
9.002919823232324
0.0583958625793457
0.8736936295442128
9.074797453703704
0.05860567092895508
0.858273894095613
23.434606481481485
0.05929255485534668
0.8632669350727944
25.022786458333336
0.059326171875
0.8564161701028119
14.714988425925926
0.058611154556274414
0.8989643481755102
21.44097222222222
0.0583958625793457
0.9089356412653047
19.326171874999996
0.05906844139099121
0.8956930503495256
17.100694444444443
0.05780792236328125
0.888053216121738
18.733072916666664
0.058124542236328125
0.8935260440695141
12.540612599206346
0.05873608589172363
0.8596632792443831
9.622395833333334
0.05887198448181152
0.8555112802188787
21.903935185185187
0.057970523834228516
0.8535184462856695
8.245907738095237
0.05894756317138672
0.8643320582398014
12.03125
0.05882906913757324
0.8649279174606176
9.639756944444445
0.05908083915710449
0.9117517941618529
16.529947916666668
0.05884218215942383
0.9167471780471873
21.62471064814815
0.05922079086303711
0.9124098844897071
12.408854166666666
0.05826973915100098
0.9103046637520973
30.29296875
0.05930590629577637
0.9111237417497414
6.368634259259259
0.059005022048950195
0.8657090303231834
15.199652777777779
0.05894756317138672
0.8764159963621404
18.07002314814815
0.05781126022338867
0.8870650825428353
14.593460648148147
0.058214664459228516
0.8987104749035489
31.51909722222222
0.057900190353393555
0.9332895971082757
24.72945601851852
0.05838322639465332
0.89792459345349
15.70360725308642
0.0596926212310791
0.8713516168452848
19.089988425925927
0.05902886390686035
0.902716800196999
30.61197916666667
0.057874202728271484
0.9072045040798647
23.98220486111111
0.057961225509643555
0.901845299299153
17.666015625
0.05891108512878418
0.8938027900592971
33.93229166666667
0.05787158012390137
0.9154472934739744
27.100694444444443
0.058031558990478516
0.9145688717846345
24.167390046296294
0.05782890319824219
0.853613249139841
14.235243055555557
0.05761265754699707
0.8952578025085025
19.169428661616163
0.05788540840148926
0.903208432318337
17.877604166666668
0.057797908782958984
0.9092817221193431
12.598741319444443
0.05781674385070801
0.9333438077551117
12.631740196078429
0.057921648025512695
0.9358724386347098
15.673363095238093
0.057834625244140625
0.9242438802692219
15.858651620370372
0.05789518356323242
0.9275786166297434
15.34342447916667
0.05783438682556152
0.9204855172351992
12.038070436507937
0.05810189247131348
0.9000297544337666
11.206597222222223
0.05914878845214844
0.8975897204682687
13.364800347222221
0.05775022506713867
0.8958923225677835
15.176323784722223
0.05883431434631348
0.923950987595456
21.97048611111111
0.05895185470581055
0.8702097060397184
35.72916666666667
0.0521395206451416
0.0
0.0
0.0524287223815918
0.0
0.0
0.05874919891357422
0.72994708994709
0.0
0.0584416389465332
0.9197944258888143
29.97829861111111
0.059297800064086914
0.9177539549120931
19.176793981481477
0.058028459548950195
0.9234479967215612
15.93377976190476
0.05787777900695801
0.9231961055215904
20.32986111111111
0.05783247947692871
0.9038992451655319
14.45529513888889
0.058097124099731445
0.8923270255595275
13.523726851851853
0.05799245834350586
0.9164389603013192
11.765190972222221
0.057941436767578125
0.9073562687103341
10.638744212962964
0.05796384811401367
0.9179453005875401
21.348379629629633
0.05768156051635742
0.9292199245489612
21.77228009259259
0.05797171592712402
0.9313680534890146
12.40050747863248
0.05903196334838867
0.9209064308945473
16.26550099206349
0.05783224105834961
0.9067421622094385
24.444444444444443
0.0574946403503418
0.9202403710234262
9.418402777777779
0.05797386169433594
0.9335449906462039
10.141893696581196
0.057875633239746094
0.9303954615042028
12.06628224206349
0.05804157257080078
0.9102390162065084
12.533933080808081
0.05910754203796387
0.9116608450631768
17.88094284188034
0.05810689926147461
0.9178373332692596
14.180049189814815
0.05886101722717285
0.9139615583481807
9.491853632478634
0.058327674865722656
0.9148275606893326
16.74355158730159
0.05769181251525879
0.9002558019504937
6.672247023809524
0.05913567543029785
0.9056698278399262
18.34201388888889
0.058957576751708984
0.9319143963754666
18.86284722222222
0.059148311614990234
0.893766232953155
18.29513888888889
0.05905652046203613
0.8887444852288904
20.5859375
0.059127092361450195
0.9164948343178703
42.083333333333336
0.05893206596374512
0.9300320378972664
28.023546006944446
0.059102535247802734
0.9384282794289772
30.64091435185185
0.05890941619873047
0.9061329765437343
27.64570932539682
0.059255361557006836
0.9012538229482581
14.135561342592593