0.058957576751708984
0.9324322408386023
33.690972222222214
0.06088590621948242
0.9355754351606802
18.444444444444443
0.058194875717163086
0.9417744682736201
32.488194444444446
0.060927629470825195
0.933961024663179
20.96527777777778
0.058815956115722656
0.9283420709462608
6.576388888888889
0.06082320213317871
0.9269061335330137
14.848958333333334
0.06067633628845215
0.9102290064069324
12.949652777777777
0.06089043617248535
0.9413266029415456
119.88194444444444
0.061533451080322266
0.9295634270464355
15.12673611111111
0.06285285949707031
0.9564139198281177
14.263194444444443
0.061061859130859375
0.9469595917080474
13.20486111111111
0.05823659896850586
0.9527846302783726
15.46577380952381
0.05793166160583496
0.9490290102603746
11.411616161616163
0.05851626396179199
0.9494044321417245
20.844328703703706
0.05936908721923828
0.9430830193418768
32.4375
0.060938358306884766
0.9312356154816419
7.638888888888889
0.061078548431396484
0.9456482476807934
28.90972222222222
0.06101417541503906
0.930428174364236
27.15509259259259
0.06105971336364746
0.9328225932047443
43.32118055555556
0.060997724533081055
0.9130360625835412
39.943576388888886
0.060576677322387695
0.9070109172229608
34.15798611111111
0.06098055839538574
0.9278114466603689
23.69965277777778
0.05829620361328125
0.8962319051770266
15.586805555555555
0.058768510818481445
0.9150352291323608
3.510416666666666
0.059244632720947266
0.9235296428899886
15.493055555555555
0.06039834022521973
0.8984248804668596
12.515972222222222
0.061192989349365234
0.9304471514948212
17.493055555555557
0.06114959716796875
0.9220723941566097
14.905555555555555
0.061081886291503906
0.9299305121994135
17.485532407407405
0.06471967697143555
0.9206959698290708
10.436631944444445
0.06108427047729492
0.9131414222892663
10.529761904761903
0.05945396423339844
0.9026934520810757
14.506944444444445
0.061032772064208984
0.9316284016006798
17.11111111111111
0.05913209915161133
0.8924486710834958
13.352678571428571
0.06009531021118164
0.9063165733281172
11.180555555555555
0.05923151969909668
0.9002658709672186
0.0
0.059066057205200195
0.8732009872199628
28.20138888888889
0.06094765663146973
0.907223308879061
25.328703703703706
0.05800986289978027
0.9130956381109527
58.015625
0.05929994583129883
0.9412146332121185
64.29166666666667
0.058545827865600586
0.9309982176466807
28.369791666666664
0.05862760543823242
0.950338233738986
13.563368055555554
0.05850791931152344
0.9482931612197055
18.788888888888888
0.05838441848754883
0.9447220696372386
42.40625
0.058615922927856445
0.9538208993303676
19.35763888888889
0.06112790107727051
0.9555465857711817
39.21093750000001
0.05881667137145996
0.9389868595995597
91.08159722222223
0.059659481048583984
0.9448721055147268
18.68402777777778
0.06110668182373047
0.9570777888211744
10.340277777777779
0.06317853927612305
0.9445237232613618
26.584635416666664
0.05917477607727051
0.9275045148499351
17.313541666666666
0.058484554290771484
0.942739422104659
21.031944444444445
0.0612795352935791
0.9418254664431901
7.704861111111111
0.06108403205871582
0.9507351355472068
26.669270833333336
0.06117105484008789
0.94660368051839
8.594444444444445
0.06091475486755371
0.9097579960910075
11.674305555555554
0.05895113945007324
0.9068125735777355
9.000694444444445
0.0608220100402832
0.918116865865543
19.181712962962965
0.060652732849121094
0.9575153277493398
17.578125
0.05854940414428711
0.9669057225442903
20.07043650793651
0.06096959114074707
0.9661343043548275
9.011574074074074
0.06096959114074707
0.9586925402000431
18.31458333333333
0.05909228324890137
0.9193692561942097
13.940972222222221
0.05947518348693848
0.9518037791516052
23.109375
0.061567068099975586
0.9278308595879455
15.815972222222221
0.061414241790771484
0.9125932598263307
32.72569444444444
0.061580657958984375
0.9433002935408055
11.458333333333334
0.060495853424072266
0.9351149551010302
29.567708333333336
0.0614781379699707
0.9580640608450542
25.046296296296294
0.061476707458496094
0.9606937873999388
28.66435185185185
0.06183743476867676
0.9260904294114022
0.0
0.06133294105529785
0.9025652925818201
23.229166666666668
0.06250905990600586
0.9264212958116936
38.64930555555556
0.06143617630004883
0.9031225650854132
11.841435185185185
0.059900522232055664
0.9211109838326529
49.24884259259259
0.05885148048400879
0.9241584549610694
57.55439814814815
0.05898785591125488
0.943372258414043
73.15798611111111
0.0600583553314209
0.9516026123203515
19.515625
0.06140613555908203
0.9454436725776353
34.69791666666667
0.06107068061828613
0.936947323367511
38.90190972222223
0.06322717666625977
0.9219153881130634
10.79861111111111
0.05902862548828125
0.9255648120663813
10.30138888888889
0.06105303764343262
0.9434770786381487
25.274305555555557
0.06092691421508789
0.9426751865601266
21.84722222222222
0.06127309799194336
0.9497626974070245
0.0
0.05870938301086426
0.9228844522689987
16.797453703703706
0.059096574783325195
0.8864041238400518
25.115740740740744
0.06083393096923828
0.9206868688006843
23.039930555555554
0.06100726127624512
0.8978485533117477
25.472222222222218
0.06089329719543457
0.9375813672975626
19.290509259259256
0.058245182037353516
0.94321024953256
8.137731481481481
0.05977201461791992
0.9296437289077581
13.111111111111109
0.061717987060546875
0.9256593769466825
12.982638888888888
0.06081891059875488
0.9273269386186168
42.81597222222222
0.061188459396362305
0.949729985227787
20.82638888888889
0.05934762954711914
0.9397463591561691
19.291666666666668
0.06059885025024414
0.927312945028285
23.48090277777778
0.06118583679199219
0.9280525443251016
12.163194444444445
0.061342477798461914
0.9069287785075705
0.0
0.0598602294921875
0.9234523991409403
8.260416666666668
0.06101059913635254
0.911866137767325
27.032986111111114
0.061171770095825195
0.9124209226815456
15.964120370370368
0.059186458587646484
0.9105981537701485
9.819444444444445
0.05852246284484863
0.9076973000836369
16.625
0.05882859230041504
0.9448316443264595
56.863425925925924
0.06166982650756836
0.9545676405936578
10.350694444444445
0.05894827842712402
0.9476449388696169
46.65509259259259
0.05864882469177246
0.9383296167723932
41.83854166666667
0.059267282485961914
0.9278524969575173
26.458333333333332
0.06380152702331543
0.9172133177984347
14.958333333333334
0.058615922927856445
0.9384845350784407
36.28240740740741
0.05934762954711914
0.9339219268287623
12.32638888888889
0.0590367317199707
0.9431717249871784
14.74826388888889
0.05873608589172363
0.9471178405701324
7.218055555555556
0.05880999565124512
0.9403587687015986
28.314236111111114
0.05914115905761719
0.9591265922069119
13.50625
0.05872368812561035
0.9397509332718499
9.830729166666668
0.05881142616271973
0.961813119207365
20.678571428571427
0.06171846389770508
0.9563030247416111
14.433531746031745
0.0615234375
0.9486500070323846
17.57523148148148
0.0599057674407959
0.9606780136298121
39.52430555555555
0.05936551094055176
0.9536080432992343
43.99652777777778
0.06053423881530762
0.9310073666324793
35.18663194444444
0.061756134033203125
0.9492645553340743
12.688194444444445
0.061270952224731445
0.9420780116754164
7.668402777777777
0.05909109115600586
0.9481851971656626
21.453993055555557
0.060916900634765625
0.9382305215441108
20.663194444444446
0.06088709831237793
0.9454598624619348
12.192129629629632
0.059722185134887695
0.9386576694391097
107.67708333333333
0.06119561195373535
0.9400762135902812
18.736607142857142
0.058682918548583984
0.9560801222288269
13.64699074074074
0.06266260147094727
0.9616112563499709
26.314236111111114
0.06132817268371582
0.9831514168065402
21.21267361111111
0.061318397521972656
0.9433979243035483
56.08680555555555
0.06125497817993164
0.9554155912806479
60.10243055555556
0.06119704246520996
0.9370786665983127
37.246527777777786
0.059187889099121094
0.9432579346975843
11.54513888888889
0.060015201568603516
0.935946195202719
6.85
0.061264991760253906
0.927899040925738
0.0
0.061586618423461914
0.8983358367277469
0.0
0.06141233444213867
0.9224720587157155
5.8969907407407405
0.05903220176696777
0.9180933619407943
22.197916666666664
0.06147456169128418
0.9282778717873595
6.166666666666667
0.05968904495239258
0.9334071604498523
25.006944444444443
0.058785200119018555
0.9020570087923783
0.0
0.05988621711730957
0.9077989579834357
16.260416666666668
0.06087136268615723
0.9108865929518916
0.0
0.05932164192199707
0.9394713547944941
11.374503968253967
0.06122303009033203
0.9392560252782611
17.70486111111111
0.06096673011779785
0.9339329502718027
9.641203703703704
0.06153512001037598
0.9542016315816849
8.597222222222221
0.06182575225830078
0.9121896461432777
0.0
0.06218695640563965
0.9496828294144636
15.32986111111111
0.0595853328704834
0.949222705587898
2.3402777777777777
0.059151411056518555
0.9133158498200338
7.166170634920634
0.061316728591918945
0.9066516522570033
12.644097222222221
0.06033778190612793
0.9214884914024531
16.338541666666668
0.06074810028076172
0.9226541449211462
13.875
0.059821367263793945
0.9604322633330008
55.43402777777778
0.059268951416015625
0.9466592730712589
15.918981481481481
0.0613861083984375
0.950655225714796
31.289583333333336
0.06114077568054199
0.959468473109564
18.854166666666664
0.06220126152038574
0.9485238744663539
13.54791666666667
0.06164884567260742
0.9686413295698281
14.21701388888889
0.0614628791809082
0.9250967602639825
30.265625
0.06131339073181152
0.9394655831482753
80.02777777777777
0.059130191802978516
0.8961910419959999
8.381448412698413
0.05954098701477051
0.913515785127163
29.956018518518515
0.06155872344970703
0.9150257742119902
26.422222222222224
0.06040048599243164
0.8992899236857972
55.67881944444444
0.05980038642883301
0.9242797759546925
12.064583333333333
0.06134819984436035
0.9069658420972566
54.03125
0.06052899360656738
0.9411617611755043
70.59895833333333
0.05958867073059082
0.905060955507709
15.133680555555555
0.061517953872680664
0.9142678146798487
52.27083333333332
0.05884051322937012
0.9162085297124505
30.413194444444443
0.06076502799987793
0.9034990212569143
8.950396825396826
0.05983114242553711
0.9204124494559277
10.678626543209878
0.06165957450866699
0.919443851349214
35.31597222222222
0.061566829681396484
0.904257075047056
17.944444444444443
0.06172990798950195
0.9257208490275705
12.174913194444445
0.0616147518157959
0.9024758457029431
11.147569444444445
0.06030130386352539
0.9127079956827706
4.208333333333334
0.06161141395568848
0.9013311712916753
27.04668209876543
0.05901002883911133
0.9037729774812138
26.0234375
0.05936002731323242
0.9214918830972906
33.66041666666666
0.05973482131958008
0.9360930208582012
15.191468253968253
0.059502363204956055
0.9272963809462553
20.21527777777778
0.06174302101135254
0.930482507699688
16.353670634920633
0.0598297119140625
0.947905722090786
17.605158730158728
0.06154775619506836
0.9467844603403389
29.51736111111111
0.05929708480834961
0.931714776966814
6.472537878787881
0.05938458442687988
0.9426069505677294
6.624503968253969
0.061681270599365234
0.9343502089882649
4.963675213675215
0.06147313117980957
0.9188071066343568
4.114583333333333
0.05986332893371582
0.9249691407481779
6.413194444444445
0.0592350959777832
0.9124026738697736
50.92013888888889
0.05924582481384277
0.9275172932290826
11.960069444444445
0.059401512145996094
0.9284402703347081
13.25217013888889
0.06131696701049805
0.959833059042175
4.740277777777779
0.06154894828796387
0.9405134305830473
4.944097222222222
0.05939435958862305
0.9615655455638771
1.757260101010101
0.060111045837402344
0.938033717722379
9.048611111111112
0.061621904373168945
0.9378237741013297
106.10069444444444
0.0612483024597168
0.9393242293511126
41.126157407407405
0.05975699424743652
0.9260190281890264
32.29861111111111
0.061623334884643555
0.9101716055278507
8.266203703703704
0.06153512001037598
0.9250347228053637
8.182291666666668
0.06229376792907715
0.9040077025674172
7.547453703703703
0.06169629096984863
0.9134393829607527
24.635416666666664
0.05892658233642578
0.8677973869617838
7.614583333333333
0.06157708168029785
0.8938534602265545
9.552083333333332
0.05980038642883301
0.8806701176485131
5.392361111111111
0.06116843223571777
0.8980941369842971
0.0
0.061423540115356445
0.8672922665885157
0.0
0.06163763999938965
0.9202783641446572
8.24826388888889
0.059828996658325195
0.9248630549067888
0.0
0.059638023376464844
0.9259160725975095
9.759027777777778
0.058991193771362305
0.9240920479792821
60.638888888888886
0.05908083915710449
0.9562152187841233
11.219907407407407
0.05912613868713379
0.9166895117934266
54.63368055555556
0.05911564826965332
0.9301095416687154
33.68171296296297
0.06150555610656738
0.9442892953106098
7.408854166666667
0.06159257888793945
0.9329999669136507
32.375
0.06151986122131348
0.9498666356850973
15.362599206349207
0.06155228614807129
0.9551262751585333
41.18229166666667
0.059220314025878906
0.9444578914917691
18.680555555555554
0.05954575538635254
0.9431169791140392
16.134548611111114
0.058937788009643555
0.9498112892031989
43.71527777777777
0.05968594551086426
0.9334144186250716
7.09837962962963
0.061563730239868164
0.9137291557150127
11.770833333333334
0.061408042907714844
0.9302211036878785
8.860243055555555
0.059021949768066406
0.943929302835015
14.6171875
0.06131339073181152
0.9503588769401777
6.474626068376069
0.0590510368347168
0.9472180748368167
11.45529513888889
0.05909609794616699
0.9306972085962453
60.79340277777777
0.06121110916137695
0.930319829709354
24.988425925925924
0.062044620513916016
0.9405711330878183
25.836805555555557
0.05883431434631348
0.9322320453992868
14.611805555555554
0.05871391296386719
0.9391510201586104
62.61631944444445
0.05907583236694336
0.9280235795259204
22.299189814814813
0.05893087387084961
0.9541418003897352
17.986805555555556
0.05930304527282715
0.9602057047872479
8.014756944444445
0.0589752197265625
0.9409126667543225
9.27662037037037
0.058908700942993164
0.9410810478848461
45.94560185185185
0.05873608589172363
0.9514451442324111
10.13845486111111
0.05886721611022949
0.9472168827179452
8.998842592592593
0.05877423286437988
0.9455557345514742
28.835416666666667
0.058666229248046875
0.9438857636887817
13.95486111111111
0.05887150764465332
0.9429512958962606
5.38695987654321
0.05890035629272461
0.9389445667874381
8.004629629629628
0.05908012390136719
0.9363819954858645
11.333680555555556
0.058888912200927734
0.9568077592527545
26.234027777777776
0.05984973907470703
0.9466300737326367
22.18204365079365
0.05898261070251465
0.9460408340821512
30.042245370370367
0.06134796142578125
0.9358528688438557
9.578124999999998
0.06155872344970703
0.9390265679553154
10.758680555555557
0.05891871452331543
0.9590208612397166
13.465277777777779
0.05858469009399414
0.9356458925947013
34.83125
0.06121182441711426
0.960432787169913
19.17476851851852
0.06147956848144531
0.9451853893402559
38.78819444444444
0.05966520309448242
0.9428906997131866
62.626736111111114
0.06137204170227051
0.9495469522855509
7.85
0.05874943733215332
0.9310395094891543
6.565972222222223
0.061524152755737305
0.9191394214216062
15.503472222222221
0.06130409240722656
0.9092334112811848
0.0
0.06126523017883301
0.9194347907295124
14.04050925925926
0.0614776611328125
0.9100691166781779
12.838541666666666
0.05995512008666992
0.9199533816520022
9.211805555555555
0.059037208557128906
0.9454176199102023
8.21267361111111
0.05904340744018555
0.9359231326800086
8.2
0.05888009071350098
0.9396616376203545
5.277777777777779
0.05971670150756836
0.9182332085293905
18.43402777777778
0.05948376655578613
0.9210411747700042
19.12789351851852
0.05968451499938965
0.9422054574922875
7.628968253968252
0.059670448303222656
0.9419973295024164
27.621527777777775
0.05971956253051758
0.934688305059669
17.318287037037038
0.061933040618896484
0.935733829477657
13.016203703703704
0.05977010726928711
0.9355721870162504
16.30295138888889
0.05926108360290527
0.947652546259399
5.795138888888889
0.06151723861694336
0.9360649021828406
20.21759259259259
0.06039571762084961
0.9087439436039305
11.953125
0.06134390830993652
0.9312078019279143
10.368055555555555
0.06142878532409668
0.9103873182890077
34.644675925925924
0.06167316436767578
0.8984530479859669
15.583333333333334
0.05977988243103027
0.9095711983883218
10.809027777777777
0.05982685089111328
0.9185587149192688
22.618055555555554
0.06145930290222168
0.9445095040190359
22.890625
0.05938982963562012
0.933116481332576
6.638888888888889
0.05913257598876953
0.9483031509775838
39.86921296296296
0.05896615982055664
0.9544505082245778
15.44593253968254
0.059418678283691406
0.9512445750280726
58.130208333333336
0.059003353118896484
0.9502660447101368
51.65509259259259
0.059004783630371094
0.9585643309386267
19.416666666666668
0.05921053886413574
0.9461343563640836
10.320601851851853
0.05915570259094238
0.9545826140978867
11.814525462962962
0.06022334098815918
0.9456578548799234
5.022762345679013
0.06159186363220215
0.944605880143422
11.749565972222223
0.05937051773071289
0.9349864334539302
8.803819444444443
0.059552669525146484
0.9515527268528494
14.784288194444445
0.06160235404968262
0.9609564540660035
24.124131944444443
0.05986356735229492
0.9479222031108768
19.068576388888893
0.061509132385253906
0.9260830252708442
10.291666666666666
0.05951261520385742
0.9564346760045158
54.00173611111111
0.059604644775390625
0.9570910116980528
23.952651515151516
0.05955147743225098
0.9623431364933963
19.65972222222222
0.05989336967468262
0.942629762907244
19.861979166666664
0.0595853328704834
0.9491928841163084
12.153645833333334
0.0621793270111084
0.944597472095213
8.79513888888889
0.06188488006591797
0.9414208338279995
15.78298611111111
0.060172080993652344
0.9383460520960523
21.454861111111114
0.06004214286804199
0.9363830667189208
16.725694444444443
0.061571359634399414
0.9188113456687247
13.880208333333332
0.061467885971069336
0.9395252602296259
25.25347222222222
0.059576988220214844
0.9392115549048872
18.313078703703706
0.06248664855957031
0.9349328083796512
16.206845238095237
0.05961799621582031
0.9640050361433229
30.403472222222224
0.05901002883911133
0.9565147098595841
31.90190972222222
0.0590975284576416
0.9460109403363827
30.586805555555554
0.05941629409790039
0.9225238252132358
18.118055555555557
0.06156444549560547
0.9483657384549681
11.40625
0.059511423110961914
0.9506659625934989
21.336805555555557
0.05908799171447754
0.9822222222222223
52.798611111111114
0.06079602241516113
0.2
41.513888888888886
0.05925869941711426
0.959930340896589
60.34027777777778
0.061767578125
0.9495143237275551
24.173611111111114
0.06193971633911133
0.8916050616050616
16.725694444444443
0.05974459648132324
0.9390624872203819
59.642361111111114
0.06157970428466797
0.9471864864639545
34.64409722222222
0.06134462356567383
0.9376345235058386
32.732142857142854
0.059198856353759766
0.9529544341604834
30.62549603174603
0.05871081352233887
0.9544199272502634
18.84722222222223
0.06330657005310059
0.9419924723248324
14.546875
0.06183576583862305
0.9061799795932389
29.52777777777778
0.06114315986633301
0.9545790732342818
27.161458333333332
0.05882740020751953
0.9617551188233572
29.160714285714285
0.058931827545166016
0.9622898164580563
20.15123456790123
0.059587717056274414
0.9333560349820298
41.28125
0.06122136116027832
0.9593617883091566
30.85763888888889
0.059417009353637695
0.9664439617171436
43.515277777777776
0.05914735794067383
0.9463863473276086
19.2
0.06122851371765137
0.918741798695514
63.736111111111114
0.06134486198425293
0.9196216244301003
12.9375
0.05937838554382324
0.9394318563591406
15.032407407407407
0.05872368812561035
0.9267977920468958
18.630208333333336
0.059061288833618164
0.942098275657225
18.653935185185187
0.0589604377746582
0.9277346106623613
32.55555555555556
0.05907320976257324
0.9371698154510002
14.310763888888891
0.05880999565124512
0.9362440534994063
1.3628472222222223
0.0587773323059082
0.9305393604496726
15.588541666666666
0.06139874458312988
0.9164271849683948
13.518518518518519
0.06140422821044922
0.9311615386922291
10.114930555555555
0.061336517333984375
0.9289384975686202
19.239583333333332
0.0616300106048584
0.9426448754425552
7.152430555555554
0.061345577239990234
0.9471566312345281
17.166666666666664
0.06085777282714844
0.9379027295568639
10.41087962962963
0.06151580810546875
0.9240082665743931
0.0
0.0613250732421875
0.9233510219937505
0.0
0.06161832809448242
0.9163055203824558
13.358134920634921
0.06158757209777832
0.9474338394704975
28.417824074074073
0.06131172180175781
0.946116799993646
5.105902777777778
0.059229373931884766
0.9258289581196534
18.8
0.05902457237243652
0.947265244495776
20.366319444444446
0.06003522872924805
0.9327476057966926
13.586805555555557
0.06209063529968262
0.9350649191243445
48.270833333333336
0.059789180755615234
0.8989040494848821
35.59259259259259
0.05925917625427246
0.9313633457886076
26.139756944444443
0.05920720100402832
0.9567481856387007
15.045770202020202
0.06032395362854004
0.9429174909926031
24.89409722222222
0.05913996696472168
0.926472927469723
32.75578703703704
0.061634063720703125
0.9453727617855087
47.00231481481482
0.05932140350341797
0.9207317906459002
29.45659722222222
0.05917525291442871
0.9322405541032056
6.550347222222223
0.05895662307739258
0.9308432610996168
36.579861111111114
0.059093475341796875
0.9558017059457687
14.378472222222223
0.06154799461364746
0.9211934415873138
16.49435763888889
0.05942869186401367
0.9560578614282919
11.475160256410257
0.05939364433288574
0.9234918940583496
13.016975308641975
0.061876535415649414
0.9524352037295212
11.678626543209878
0.058797359466552734
0.9305529568583976
15.964409722222221
0.061678171157836914
0.9521489998049132
51.71527777777777
0.05950284004211426
0.9396177496173069
14.37777777777778
0.059383392333984375
0.9347930275306211
71.07986111111111
0.05895256996154785
0.9386915640213791
40.77604166666667
0.06175827980041504
0.9502499333216342
53.24305555555556
0.05909562110900879
0.9361922796065346
30.91059027777778
0.061699628829956055
0.9219801031307495
12.688888888888888
0.06172037124633789
0.9391391557971952
20.149305555555557
0.05928921699523926
0.9461141700016112
31.217881944444446
0.06015133857727051
0.947186426703112
14.31886574074074
0.060630083084106445
0.9331245188518166
15.717592592592593
0.060562849044799805
0.9275877697769704
17.458829365079364
0.06183934211730957
0.9303738639386221
14.09375
0.06156206130981445
0.937248665004932
8.223958333333332
0.06183290481567383
0.9515749959910574
91.8125
0.06174516677856445
0.9514880177848695
32.986111111111114
0.061710357666015625
0.9498568749003289
58.739583333333336
0.05923914909362793
0.9302794015837926
29.395138888888887
0.05979442596435547
0.9310434832794101
19.472800925925927
0.05966305732727051
0.9261368859794302
41.87586805555556
0.06154656410217285
0.9085057580385578
41.504629629629626
0.05946540832519531
0.9298609704240195
62.420138888888886
0.06180167198181152
0.8929459332720646
108.89583333333333
0.06135678291320801
0.9153576955435152
15.423115079365079
0.061769962310791016
0.898390251599219
10.64375
0.06167793273925781
0.9222805698114909
10.328125
0.06174516677856445
0.9145556225497447
11.207638888888889
0.06172966957092285
0.9098793176980013
24.748263888888893
0.059796810150146484
0.9183973628665727
20.704861111111114
0.0592348575592041
0.888725543039874
26.62962962962963
0.061579227447509766
0.9303401589247
165.17361111111111
0.06187868118286133
0.9087969093077592
15.993634259259261
0.05994725227355957
0.8749592368703205
13.910879629629628
0.06199049949645996
0.8740854892968682
14.22048611111111
0.06225419044494629
0.9422920031438549
18.66753472222222
0.06001138687133789
0.9421403182929975
16.94965277777778
0.06197547912597656
0.9469297750304616
26.756448412698415
0.0601198673248291
0.9250680518551818
52.38773148148149
0.06152749061584473
0.8993617897082318
38.923611111111114
0.061945199966430664
0.8944627928573257
40.76736111111111
0.06189537048339844
0.9156478202751994
111.86111111111111
0.06174588203430176
0.9293224624093928
38.29050925925926
0.05996966361999512
0.9018324439461242
63.673611111111114
0.06178784370422363
0.9280375711200103
11.180555555555555
0.06180548667907715
0.9246681826635043
10.289351851851853
0.06149911880493164
0.9070577233003327
18.596064814814813
0.06000876426696777
0.8956213181401317
56.36979166666667
0.06171417236328125
0.8982953212022945
128.29166666666666
0.05954623222351074
0.8849609905108627
35.14583333333333
0.06016397476196289
0.926759804448255
0.0
0.05984997749328613
0.9293267087370192
0.0
0.06165122985839844
0.9098750059875829
53.49131944444444
0.06142234802246094
0.9047451802611872
40.013888888888886
0.06162118911743164
0.8865353366988532
37.23958333333333
0.06018996238708496
0.9130211460474809
9.725694444444445
0.0615534782409668
0.9273104280489938
12.405671296296298
0.06185555458068848
0.8679615537516334
8.917824074074074
0.06180405616760254
0.9196307098751931
10.43287037037037
0.06181907653808594
0.9207595451063462
3.5520833333333335
0.06158041954040527
0.8739911082588603
6.0821759259259265
0.06169581413269043
0.8956266326694371
30.947916666666664
0.06184697151184082
0.8847720828084248
16.369791666666664
0.06167864799499512
0.887348913497723
7.020833333333334
0.061806440353393555
0.8984668398611055
10.138020833333334
0.0593256950378418
0.893818260982712
10.069444444444443
0.06176495552062988
0.9211074813866329
32.97222222222222
0.06005430221557617
0.9284274400570225
30.46458333333333
0.0598597526550293
0.9064146976997879
28.599305555555553
0.059892892837524414
0.9190095066719174
8.973214285714286
0.060024261474609375
0.9372895843326818
28.892361111111107
0.06187939643859863
0.9206155860008859
9.609027777777778
0.06196880340576172
0.9134452380869172
9.503472222222223
0.061821699142456055
0.9440079835316042
9.193287037037036
0.061727285385131836
0.8753790850519887
17.480324074074073
0.06174659729003906
0.9174043337796198
29.075
0.06171536445617676
0.9230991948999883
28.42071759259259
0.06178641319274902
0.9229538325433759
9.434523809523808
0.06002354621887207
0.9355962553422509
9.103587962962964
0.061838388442993164
0.8986075853970019
8.043981481481481
0.062239885330200195
0.9100958655265842
11.500868055555555
0.06190013885498047
0.9660862847889334
29.181944444444447
0.05941176414489746
0.9180964109256685
33.08680555555556
0.05980825424194336
0.9513908992873952
56.33680555555556
0.061638593673706055
0.8906693725344734
57.59722222222222
0.06167197227478027
0.9094967344424968
19.279265873015873
0.06194734573364258
0.9411261975669925
9.062499999999998
0.061838626861572266
0.9101167385926865
14.799305555555554
0.0593564510345459
0.9001676225327776
8.357142857142858
0.061757564544677734
0.9153365488341824
105.92708333333333
0.06171369552612305
0.9234489124259677
32.19444444444444
0.06187295913696289
0.9329791837919864
131.70486111111111
0.06183481216430664
0.9420660511949949
19.26736111111111
0.061980485916137695
0.9340847364676258
13.725694444444445
0.06036043167114258
0.9211057017665036
24.38773148148148
0.061781883239746094
0.9150385090760261
27.071527777777778
0.06163644790649414
0.9146358549356169
15.62615740740741
0.06213641166687012
0.919590814479588
137.25694444444446
0.060120582580566406
0.9426771847384968
6.671006944444445
0.05896353721618652
0.9474604623579499
10.688492063492065
0.05987548828125
0.9290305261970755
5.805555555555555
0.05917978286743164
0.9449035773211186
6.786892361111111
0.05969810485839844
0.9387456088294439
7.861496913580248
0.059815168380737305
0.8958087192975378
5.382378472222221
0.05891132354736328
0.939469623418357
10.190972222222221
0.06002688407897949
0.9535057528955212
11.758928571428571
0.060125112533569336
0.9268392047231947
9.041666666666666
0.06184053421020508
0.9124256457643504
9.961111111111112
0.06166529655456543
0.8745755557127611
39.74189814814815
0.061818838119506836
0.8616147649506785
7.902777777777778
0.06012415885925293
0.8599021192833282
8.203703703703704
0.06186985969543457
0.9010653893929244
15.280092592592593
0.061717987060546875
0.8983283176227667
7.019097222222222
0.059674739837646484
0.9170555593815336
8.114583333333334
0.05966830253601074
0.9086185100306469
56.32291666666667
0.06182456016540527
0.8865552188440637
99.14583333333333
0.06173872947692871
0.9210352989102035
78.12326388888889
0.059444427490234375
0.9118081857030789
0.0
0.059951066970825195
0.8966666666666667
0.0
0.05936455726623535
0.9475874832141135
49.12152777777777
0.06178116798400879
0.957274578832237
30.10474537037037
0.06165647506713867
0.9396861765910818
40.50694444444445
0.05894923210144043
0.9337035497356022
17.677517361111114
0.05916953086853027
0.9169873008074657
29.6625
0.06128692626953125
0.953220294924318
23.3125
0.0616765022277832
0.9526987827913856
16.480324074074073
0.05957460403442383
0.9468650511039702
20.15486111111111
0.05988717079162598
0.9560397891217701
18.738888888888887
0.05923199653625488
0.947405895864984
18.81746031746032
0.061830759048461914
0.9410872625995064
24.446428571428577
0.06199312210083008
0.9472692851044724
30.021990740740737
0.0599513053894043
0.940167557539256
13.950520833333332
0.05988192558288574
0.9248311417998142
18.109126984126984
0.0598146915435791
0.9360012956670684
19.00198412698413
0.05955386161804199
0.94241619369216
13.79123263888889
0.059190988540649414
0.9364899277606561
10.779947916666666
0.05954909324645996
0.9376526713262171
13.810474537037033
0.05913257598876953
0.9192961732182441
14.569978632478634
0.06017494201660156
0.9219946602917244
18.78949652777778
0.061981916427612305
0.9381460589017439
24.461111111111112
0.059291839599609375
0.9421554513722978
34.391666666666666
0.061632394790649414
0.9242063591513854
39.22569444444444
0.06138134002685547
0.9308218585628812
21.383680555555557
0.06164813041687012
0.9345487328793108
13.980158730158731
0.06004071235656738
0.9247487118318607
15.786458333333332
0.0593719482421875
0.9167879075005314
55.107638888888886
0.061547040939331055
0.93781350127052
26.12326388888889
0.0589141845703125
0.9453454073065579
25.56597222222222
0.05859041213989258
0.939250637054627
31.274999999999995
0.05944466590881348
0.9360829818722584
36.29166666666667
0.061583518981933594
0.8992429018905607
29.29340277777778
0.05921196937561035
0.9298226772791924
23.932291666666664
0.06144285202026367
0.9362194385105997
36.27864583333333
0.0597376823425293
0.9292169223918959
39.06365740740741
0.06167936325073242
0.9125099360213497
17.581349206349206
0.06160116195678711
0.9172143276437453
10.390625
0.061882734298706055
0.938170626239425
12.737268518518519
0.061650991439819336
0.9249522687087656
12.697916666666666
0.05895185470581055
0.9430537680146475
26.805555555555557
0.06370258331298828
0.94187172529969
14.164930555555555
0.06018352508544922
0.9398302514867339
21.60763888888889
0.06009387969970703
0.9396873070287047
66.68229166666667
0.05924510955810547
0.9338375539797403
32.48350694444444
0.05981111526489258
0.9222436229152013
7.138888888888889
0.05893087387084961
0.8979366501139374
17.961805555555557
0.06157541275024414
0.922958750360829
6.559027777777778
0.059354543685913086
0.9424447157648809
0.0
0.05918550491333008
0.9305713514486071
21.135416666666668
0.059171438217163086
0.9290936951137244
7.520254629629629
0.06142163276672363
0.9589303036105361
13.979166666666668
0.06149125099182129
0.9424398203920767
19.151388888888892
0.061541080474853516
0.9321541790348636
26.546875
0.059555768966674805
0.9379394582605746
0.0
0.061556339263916016
0.9283652388931548
27.150462962962962
0.05946636199951172
0.9281002427345258
10.971643518518519
0.059235334396362305
0.9421331632291562
11.40740740740741
0.05997800827026367
0.9519890981317479
14.300925925925926
0.05951523780822754
0.9503486013831044
21.526041666666668
0.059334516525268555
0.95291694226705
23.161805555555553
0.05993008613586426
0.9311851314663419
21.09722222222222
0.059380531311035156
0.940290587765786
4.222222222222222
0.061837196350097656
0.9598595638589328
0.0
0.059958457946777344
0.9192899069620597
0.0
0.06015181541442871
0.9128379594175127
30.25
0.05917954444885254
0.9449706747280627
43.26967592592593
0.06187772750854492
0.9513070163506046
50.96875
0.06171393394470215
0.9251156560921782
17.48611111111111
0.06002402305603027
0.9352299919361434
0.0
0.06004929542541504
0.9286105762017544
25.42650462962963
0.05914187431335449
0.9488074086707753
27.553472222222222
0.05908942222595215
0.9501041490727397
17.88628472222222
0.0597529411315918
0.9385940068411215
35.65625
0.06176877021789551
0.9416701433487966
16.26779513888889
0.05915641784667969
0.9512349192522577
28.42559523809524
0.059411048889160156
0.9430761849494304
21.852777777777778
0.05951285362243652
0.9432685402043653
21.136574074074073
0.05906486511230469
0.9444883935397985
14.734375
0.05908489227294922
0.9595089408007507
26.0570987654321
0.05905580520629883
0.9546665997945386
21.19949494949495
0.05898451805114746
0.9596729006274469
30.349247685185187
0.06148862838745117
0.9678478884998201
34.664351851851855
0.06163763999938965
0.9323241448324675
53.12847222222223
0.06157279014587402
0.923189815596198
18.80902777777778
0.061676740646362305
0.9579517765418621
9.557291666666666
0.05906510353088379
0.9527239313790546
16.92438271604938
0.05933427810668945
0.9584005115564089
18.985677083333336
0.05947303771972656
0.9435452910887723
15.129166666666668
0.06172895431518555
0.9389173323274344
8.537037037037038
0.05996251106262207
0.9059164141671884
11.208333333333334
0.06160378456115723
0.9168504733701262
16.815972222222225
0.061614036560058594
0.9284860555538597
21.12037037037037
0.06160998344421387
0.9347778673518545
5.2071759259259265
0.05952763557434082
0.9530625782856723
27.654513888888886
0.05872845649719238
0.9669413187698407
17.846180555555556
0.059239864349365234
0.9762818962612098
15.99884259259259
0.06184983253479004
0.9579301523585066
11.755366161616164
0.059651851654052734
0.9450041516692811
14.949074074074074
0.0591127872467041
0.9657225565361087
39.58333333333333
0.06071782112121582
0.9501480405818995
21.633928571428573
0.06153607368469238
0.9418425039802902
26.033234126984127
0.05920577049255371
0.9312537290293362
30.48194444444444
0.05977988243103027
0.9405721526975154
21.821527777777774
0.0590970516204834
0.9292809591779713
35.35503472222222
0.059278249740600586
0.9415447139297899
7.940972222222221
0.0590665340423584
0.9540185972402179
9.40162037037037
0.05900406837463379
0.9486464869205052
19.305555555555557
0.05913686752319336
0.9203603874122069
31.440972222222218
0.05924487113952637
0.9329718118024604
30.077256944444443
0.05914711952209473
0.9394447695884108
58.234375
0.06012153625488281
0.9534126596212322
58.964120370370374
0.05907797813415527
0.9416051264381001
28.09837962962963
0.05985379219055176
0.9528350288149063
14.307870370370372
0.05899810791015625
0.959689747336287
30.400694444444447
0.05952739715576172
0.9517263567834265
12.401388888888889
0.059116363525390625
0.9530369550141992
29.923611111111114
0.05929231643676758
0.9501919878449725
8.774305555555555
0.05878567695617676
0.9499632135357345
45.62934027777778
0.061774492263793945
0.9445371669624545
16.679166666666667
0.0607149600982666
0.9437168171304929
15.149305555555555
0.0614471435546875
0.952878883404931
17.168650793650794
0.06123661994934082
0.9697688664169738
10.960227272727273
0.061429500579833984
0.9628521980765355
13.105555555555554
0.06150221824645996
0.9546975034217351
18.44097222222222
0.06147909164428711
0.9321203294027087
5.721230158730158
0.060292720794677734
0.9263782704915882
11.448495370370372
0.06153678894042969
0.9240316705643398
11.202546296296298
0.061875343322753906
0.9187473343010377
10.406249999999998
0.05971074104309082
0.9080443665688875
14.897569444444445
0.06168699264526367
0.9321424346841638
9.309027777777779
0.061920881271362305
0.9368418356906346
0.0
0.05998516082763672
0.9403922400543078
57.34201388888889
0.06182694435119629
0.9323403189982586
27.105324074074076
0.06168317794799805
0.9503501003968203
0.0
0.0593419075012207
0.9321219616449438
6.122685185185186
0.06184244155883789
0.9449454542103367
14.602430555555557
0.05926966667175293
0.910881080563743
0.0
0.05937671661376953
0.9285539870059996
13.739583333333332
0.06019115447998047
0.9528279128279128
26.97222222222222
0.06191205978393555
0.9340706014545025
0.0
0.061629295349121094
0.8949448699448701
12.43923611111111
0.0592961311340332
0.8985501589913355
14.93576388888889
0.059346914291381836
0.9256558345335436
14.32708333333333
0.06173205375671387
0.910844155844156
17.125
0.05903148651123047
0.9175017575017576
0.0
0.05962514877319336
0.8983178357017366
0.0
0.06176352500915527
0.9286010503657564
19.71875
0.059078216552734375
0.8989603092699069
13.512152777777779
0.06010317802429199
0.9471620971620972
13.887152777777779
0.05997419357299805
0.9353631553631556
10.995659722222223
0.06014227867126465
0.958109298109298
0.0
0.06164264678955078
0.9308057683057684
21.95486111111111
0.06004762649536133
0.9333449883449885
8.934027777777779
0.05999636650085449
0.9376455026455027
0.0
0.06188511848449707
0.9375993505405271
0.0
0.06133770942687988
0.9643523143523145
0.0
0.06144881248474121
0.9237418824725325
13.319444444444443
0.06127023696899414
0.9473458004905712
11.9375
0.06282448768615723
0.9343217893217894
13.251736111111112
0.059995174407958984
0.9575316167034433
11.550347222222221
0.06166791915893555
0.9407664557664559
7.297743055555555
0.05977892875671387
0.9720057720057721
11.038194444444445
0.059938669204711914
0.9525444925444926
14.10763888888889
0.06185102462768555
0.9600841750841751
10.177083333333334
0.05954432487487793
0.9784391534391534
17.658564814814813
0.059241294860839844
0.9915343915343916
50.4375
0.06052088737487793
0.9427353202353203
58.239583333333336
0.05949544906616211
0.8966931216931218
115.78472222222223
0.06165671348571777
0.9201319051319052
112.54861111111111
0.059084415435791016
0.888941798941799
13.972222222222221
0.05927252769470215
0.9110846560846562
0.0
0.06177544593811035
0.9425517075517077
0.0
0.0590519905090332
0.7627777777777779
0.0
0.059282779693603516
0.9722222222222222
22.75
0.05949211120605469
0.9204593554593555
31.625
0.05902671813964844
0.9263492063492064
49.62847222222222
0.05959010124206543
0.9098412698412699
0.0
0.05895495414733887
0.6886507936507936
0.0
0.061589956283569336
0.4774603174603175
0.0
0.05902504920959473
0.5971428571428572
0.0
0.05995893478393555
0.6800120250120252
0.0
0.06072878837585449
0.9090453950361072
2.0
0.059209346771240234
0.8739947089947091
0.0
0.05901455879211426
0.8827729677729679
28.817708333333336
0.059957027435302734
0.8911704534564485
40.6875
0.06156516075134277
0.905820749777678
20.319444444444443
0.06156802177429199
0.9190969264653475
9.13888888888889
0.06059598922729492
0.8366280820628648
0.0
0.060663700103759766
0.8791853008437117
38.53125
0.0616605281829834
0.8716535865729312
8.027777777777779
0.061810970306396484
0.796346194150744
0.0
0.06159257888793945
0.8401813304153458
0.0
0.0595552921295166
0.9199819891613061
12.6875
0.06003975868225098
0.9418160845114868
0.0
0.061464548110961914
0.9311467246321903
15.608796296296296
0.06180000305175781
0.9063667334831761
12.736111111111112
0.059110164642333984
0.9237630666849624
16.46064814814815
0.05966305732727051
0.9616692253602417
17.449305555555554
0.05981159210205078
0.9549097559304707
9.836805555555555
0.05962514877319336
0.9585177397662272
20.92824074074074
0.059276580810546875
0.9524780858126269
30.70486111111111
0.06183481216430664
0.9573347349817938
8.13888888888889
0.059645891189575195
0.9332638976614296
16.84375
0.0616917610168457
0.9294391584996448
0.0
0.062226295471191406
0.9326525547035095
32.482638888888886
0.06003212928771973
0.9334349310338175
12.988425925925926
0.05961203575134277
0.9384591007936829
17.32638888888889
0.05981183052062988
0.9187302222465522
48.49421296296296
0.059493303298950195
0.9123607728513697
114.75
0.058844804763793945
0.9395617613600556
40.888888888888886
0.05916953086853027
0.9374611541491245
27.41736111111111
0.061363935470581055
0.9298216356701018
51.90625
0.05892300605773926
0.9483576934163254
108.03819444444444
0.05972027778625488
0.9096848522841234
67.80555555555556
0.06096005439758301
0.9216208894749873
0.0
0.05883455276489258
0.8913526331565994
4.936631944444444
0.06150507926940918
0.919404767715836
0.0
0.06045651435852051
0.908605471043242
12.79513888888889
0.06155514717102051
0.9028241512947638
0.0
0.061515092849731445
0.9042196115494359
10.697916666666668
0.06131315231323242
0.9340085407668778
12.993055555555555
0.06154799461364746
0.9422758875223384
13.024305555555555
0.06156325340270996
0.944440355595683
24.982638888888886
0.05896735191345215
0.9401927683703731
24.570601851851848
0.061601877212524414
0.9355480794789176
15.357638888888886
0.06171226501464844
0.9320602122211559
22.38107638888889
0.061524391174316406
0.8923362969770293
38.83246527777777
0.061794281005859375
0.9276618776524631
29.453703703703706
0.06171917915344238
0.9130485777934045
15.366898148148147
0.05962705612182617
0.9295244244805834
40.76041666666667
0.06192755699157715
0.9175634624496918
4.285416666666666
0.05935192108154297
0.9234564851794423
3.2680555555555557
0.061414241790771484
0.8961987602083245
3.524739583333334
0.06091618537902832
0.9055602986492547
7.368055555555556
0.061303138732910156
0.9168769287903155
21.78125
0.06114315986633301
0.9079581357655119
10.69357638888889
0.06309318542480469
0.9280342851715063
3.40625
0.059769392013549805
0.9558101550166425
9.413194444444445
0.061377763748168945
0.9397831818158053
14.54861111111111
0.06160330772399902
0.9232579258648476
4.384722222222222
0.061391592025756836
0.932587191112217
0.0
0.05948233604431152
0.9493505061544405
0.0
0.06173253059387207
0.9529239334012026
35.87152777777778
0.05925107002258301
0.9519075873555738
40.1796875
0.059290170669555664
0.961029826574086
23.741319444444443
0.06213951110839844
0.9437915887909689
60.70486111111111
0.060169219970703125
0.9513630536204548
12.71875
0.06151771545410156
0.9334175837048335
13.871527777777777
0.05973982810974121
0.9138485546919003
9.722800925925926
0.060042619705200195
0.9456944676439272
25.654513888888893
0.05925464630126953
0.9542449092636975
39.482638888888886
0.06070709228515625
0.9383074708905751
17.89236111111111
0.059110403060913086
0.9398237257024056
19.543650793650794
0.06152987480163574
0.9515754543164642
13.942129629629632
0.059812307357788086
0.9596348196174008
16.067708333333336
0.06168508529663086
0.9466585721364346
9.75248015873016
0.05916547775268555
0.9492042784989851
41.77893518518518
0.062157630920410156
0.9404412607570546
6.147135416666666
0.05911397933959961
0.9508910851882618
113.00347222222223
0.05975031852722168
0.9352930207816841
15.019097222222221
0.061528682708740234
0.9488073624158738
109.56944444444444
0.061516761779785156
0.9091207209421046
27.78125
0.061901092529296875
0.9315439826145918
40.46643518518518
0.061630964279174805
0.9505297201493903
30.95763888888889
0.062040090560913086
0.9442091831217074
12.668402777777779
0.06042790412902832
0.9438737204841969
26.360677083333336
0.061507463455200195
0.9397045048975696
14.840277777777779
0.06159806251525879
0.9593083631433622
29.358333333333338
0.06154036521911621
0.959628224419719
17.399305555555557
0.06154298782348633
0.9584497287088566
46.515046296296305
0.05978536605834961
0.9406483035243706
0.0
0.06169629096984863
0.9148259002388432
0.0
0.0590977668762207
0.9379575866544442
20.385416666666668
0.05941605567932129
0.9587415816780098
20.875
0.059005022048950195
0.9121717723629393
17.32986111111111
0.059564828872680664
0.9286248661875697
24.782118055555554
0.06144857406616211
0.9606334904845901
113.60416666666667
0.06171989440917969
0.9419905147833239
56.109375
0.06127119064331055
0.9437852986825158
12.877777777777776
0.059831857681274414
0.9457914010103915
43.40104166666667
0.060568809509277344
0.9047937287471324
19.24652777777778
0.058771371841430664
0.9145453827428196
32.72222222222222
0.05923938751220703
0.9203390070373619
40.1484375
0.061409950256347656
0.9554846174065591
92.03472222222223
0.061222076416015625
0.9305180620893886
27.30138888888889
0.06140732765197754
0.954850407994735
9.111805555555557
0.061116933822631836
0.9169083175053045
30.48871527777778
0.061272382736206055
0.9397874833109614
121.66666666666667
0.058855295181274414
0.929313649338318
8.397376543209877
0.05945944786071777
0.9541563229175509
0.0
0.06153607368469238
0.9295751567801033
58.90798611111111
0.06243729591369629
0.915750437598146
40.51041666666667
0.06153440475463867
0.9366801143949852
39.142361111111114
0.0604705810546875
0.9413758357776801
14.836805555555555
0.061888694763183594
0.9472964662294312
13.09490740740741
0.06137895584106445
0.9377035170432589
13.319444444444443
0.061269521713256836
0.9502850188554566
46.57407407407408
0.06133699417114258
0.9450928260907948
7.253472222222222
0.05946993827819824
0.930467325664928
0.0
0.061595916748046875
0.9421883444336551
10.128472222222221
0.06142377853393555
0.9393702009221184
7.880208333333334
0.06150460243225098
0.9394258883918583
6.347222222222222
0.058937788009643555
0.9352275675689491
10.16087962962963
0.06146836280822754
0.934473088003729
12.715277777777779
0.061243295669555664
0.9473980030383763
52.74884259259259
0.059812307357788086
0.9048212261623856
25.880208333333332
0.05901598930358887
0.9387116205283614
9.623842592592593
0.06158924102783203
0.9370243401593933
0.0
0.061258792877197266
0.9131273863087699
0.0
0.05884814262390137
0.920047446613546
30.836805555555557
0.05913519859313965
0.9324813384012596
11.288194444444445
0.05911564826965332
0.8973105772833575
30.29513888888889
0.06107211112976074
0.9054050717441321
4.586111111111111
0.05903935432434082
0.9133077380023669
9.762400793650794
0.06123065948486328
0.8957874269340531
8.141203703703704
0.05880308151245117
0.9254675406008506
13.706597222222221
0.0599367618560791
0.9138960671941072
13.963541666666666
0.06028437614440918
0.9094408272886536
0.0
0.060834646224975586
0.8549600824012591
18.74652777777778
0.05888938903808594
0.9208788276252192
51.61921296296296
0.06140255928039551
0.9245129903699582
46.173611111111114
0.05914807319641113
0.9434985232491904
0.0
0.06138324737548828
0.8886028043509663
0.0
0.0594172477722168
0.9119055946670701
0.0
0.061698198318481445
0.9180001207942386
51.24305555555556
0.05945181846618652
0.9058759466654204
103.17361111111111
0.06150078773498535
0.9182706217071542
0.0
0.06150698661804199
0.7009114959114959
0.0
0.059153079986572266
0.8319717319717321
0.0
0.05882072448730469
0.8974875959505116
0.0
0.06174612045288086
0.9003334041757788
0.0
0.06157851219177246
0.9035249675144009
9.003472222222221
0.061736106872558594
0.9152219944794989
1.9557291666666667
0.059897661209106445
0.9264261488066599
0.0
0.05952882766723633
0.8697591021388094
0.0
0.06010246276855469
0.8721774006045107
20.58159722222222
0.061646461486816406
0.899534328351935
0.0
0.05999565124511719
0.9324348610339324
11.864583333333334
0.06214165687561035
0.05555555555555555
0.0
0.05883073806762695
0.0
0.0
0.05878925323486328
0.0
0.0
0.05901908874511719
0.0
0.0
0.06121635437011719
0.03333333333333333
0.0
0.05913233757019043
0.0
0.0
0.059331417083740234
0.0
0.0
0.06142163276672363
0.585139373297268
0.0
0.061521291732788086
0.9176865139417298
8.520833333333334
0.06161928176879883
0.9156371444246871
19.57769097222222
0.06150507926940918
0.9462118358771084
54.16840277777778
0.06168794631958008
0.9402501202783429
116.31944444444444
0.06018400192260742
0.9506465297159891
45.625
0.06159710884094238
0.9468579058211904
69.05381944444444
0.05985379219055176
0.958286524999407
37.138888888888886
0.06150078773498535
0.9457848880484706
23.94878472222222
0.06140470504760742
0.9131200334489497
18.108796296296294
0.05914759635925293
0.9326536224336681
34.398148148148145
0.05903196334838867
0.9425130526514417
12.447916666666666
0.05959367752075195
0.9377641808693932
12.125801282051281
0.06027626991271973
0.9522247432526736
17.037615740740744
0.060047149658203125
0.9391217695175154
12.587797619047619
0.06153559684753418
0.9246430311502778
14.375
0.05893301963806152
0.9430577477207298
12.309027777777779
0.05962681770324707
0.9427362906161814
20.875
0.06151556968688965
0.9412602274040242
42.24652777777778
0.05962419509887695
0.9524421493154062
49.72222222222222
0.06149744987487793
0.9523525049993429
22.540509259259263
0.05967974662780762
0.9333007793924397
38.87847222222222
0.06122589111328125
0.9566453875671341
5.471527777777777
0.058803558349609375
0.9353270732529537
26.623263888888886
0.058797359466552734
0.9346956121056006
37.6015625
0.05903053283691406
0.9402237490361623
27.965277777777775
0.061261653900146484
0.9270451012520848
25.9519675925926
0.059607505798339844
0.9244323387631412
37.20833333333333
0.059084415435791016
0.9313339385967306
5.104166666666666
0.059090614318847656
0.9348905692522328
17.79652777777778
0.061174631118774414
0.9335414468518894
4.753472222222222
0.059586286544799805
0.9338561259570752
18.50636574074074
0.06124472618103027
0.9328525812680916
29.15972222222222
0.061356544494628906
0.9444455727161397
25.735677083333332
0.06120419502258301
0.9367771730410741
44.00520833333333
0.06067323684692383
0.9481328416369286
15.993055555555555
0.06127619743347168
0.9349073845577895
46.90104166666667
0.05886983871459961
0.9444109990540726
52.204861111111114
0.060315847396850586
0.94953727941352
15.34201388888889
0.06048226356506348
0.9506110780327196
6.947916666666666
0.0594019889831543
0.9623792769165349
27.045833333333338
0.06346464157104492
0.9358564954529668
7.881944444444445
0.06351828575134277
0.9543995330646495
20.45023148148148
0.061472415924072266
0.9497602915212732
22.930555555555557
0.0613706111907959
0.9546635282956379
107.88541666666667
0.06133532524108887
0.9156780853988721
10.0625
0.060018301010131836
0.9276012815611717
21.427951388888893
0.06024599075317383
0.9495478563980496
19.849537037037038
0.0611264705657959
0.9312997463634136
25.18402777777778
0.059396982192993164
0.912798677223563
75.48263888888889
0.05881500244140625
0.921841714804765
38.509548611111114
0.05906343460083008
0.9317624748422081
18.9375
0.05900740623474121
0.9374623409739594
31.721064814814813
0.05884742736816406
0.9384522898075088
27.609375
0.059244632720947266
0.932732649222544
15.37326388888889
0.058850765228271484
0.9435327363398799
30.010416666666668
0.05903935432434082
0.9403108294127409
21.213734567901234
0.058852195739746094
0.9410083435063981
11.09548611111111
0.058545827865600586
0.9426841147378231
38.80555555555556
0.06130266189575195
0.9561984155555494
16.6635101010101
0.05872035026550293
0.9526236452068072
25.341435185185187
0.061385154724121094
0.9324549707317041
51.51273148148149
0.061115264892578125
0.9501517020598411
16.912037037037038
0.05921673774719238
0.9264872010328169
33.525173611111114
0.0588529109954834
0.9185665173033595
41.75462962962963
0.06141924858093262
0.9776960576960577
59.36805555555556
0.05954766273498535
0.9134893035311192
6.920138888888889
0.061369895935058594
0.9506448126792398
21.24074074074074
0.0587313175201416
0.9565646424639114
36.74305555555556
0.05893683433532715
0.9732558833437797
25.20188492063492
0.06016135215759277
0.9616983683028404
19.888257575757578
0.05890703201293945
0.9511276737211432
26.561631944444446
0.05923628807067871
0.9512346336861098
17.43827160493827
0.058638572692871094
0.9634191966278143
14.421006944444445
0.05847430229187012
0.950808764026002
13.701967592592593
0.059326887130737305
0.9407873529105218
16.902777777777775
0.05880117416381836
0.9465206841477342
12.199786324786325
0.059725284576416016
0.944094837252716
10.853009259259261
0.059068918228149414
0.9461749505898703
11.407242063492063
0.059091806411743164
0.9582455148499609
24.135101010101007
0.06084418296813965
0.9519858396026966
12.445245726495726
0.05874776840209961
0.9527695560097169
11.071469907407407
0.058762311935424805
0.9571363677226746
11.19351851851852
0.05908560752868652
0.9676933815712615
10.695188492063492
0.059058189392089844
0.9591168987110785
15.103219696969695
0.05890297889709473
0.9604539731788969
10.980113636363637
0.05964493751525879
0.9635032931373902
12.372612847222221
0.05918407440185547
0.9505178157893632
12.185763888888888
0.0611109733581543
0.9649297921836957
9.33984375
0.05877423286437988
0.9555356286732409
8.486111111111109
0.05874180793762207
0.9682852782523518
12.277970679012341
0.0591883659362793
0.9495093835204625
11.651475694444446
0.05863618850708008
0.9374458321384344
8.680902777777778
0.06139016151428223
0.9555092899929555
13.5625
0.058635711669921875
0.9475471835295861
16.09837962962963
0.058907270431518555
0.9358591146814325
8.597222222222221
0.05901503562927246
0.958628466667402
9.160493827160494
0.06135201454162598
0.9449607098757119
9.744444444444445
0.05866861343383789
0.939649764379387
10.284722222222223
0.0586700439453125
0.9296433064247921
28.59375
0.058586835861206055
0.9333956585228498
14.287037037037038
0.05897831916809082
0.9284672680386483
19.300925925925927
0.05851912498474121
0.93111745672165
12.302083333333332
0.0589299201965332
0.9351126129221085
8.472222222222223
0.058569908142089844
0.9322041571254621
13.080439814814815
0.05918598175048828
0.9256268280543476
12.950320512820513
0.05870652198791504
0.9408386673355396
9.128472222222223
0.05871772766113281
0.9191293684332658
6.420138888888888
0.05899310111999512
0.939628019625945
23.21064814814815
0.06089973449707031
0.939363598410456
26.45920138888889
0.06331205368041992
0.922990745449184
14.816550925925926
0.061011314392089844
0.9362618275075449
22.109953703703706
0.05948495864868164
0.9319630126477676
11.75486111111111
0.06329894065856934
0.9298978890973536
9.020833333333334
0.061258792877197266
0.9446305273754534
9.53219696969697
0.05921006202697754
0.9397844662825522
11.123697916666668
0.059265851974487305
0.9338359148069691
20.055555555555557
0.06115984916687012
0.923730977884749
27.41753472222222
0.061191558837890625
0.9469489470773449
40.6244212962963
0.05933690071105957
0.9210612336405144
31.141493055555557
0.06158733367919922
0.9323471790143898
22.99826388888889
0.06142544746398926
0.9490933043392202
43.859375
0.06123471260070801
0.9350686068588553
45.34672619047619
0.05862998962402344
0.9455716900197288
22.442274305555557
0.06116843223571777
0.9368744021471284
51.72222222222223
0.0612027645111084
0.9266330013002677
22.37934027777778
0.06129097938537598
0.946765167227835
21.33912037037037
0.061399221420288086
0.9354606779933942
40.318576388888886
0.06136918067932129
0.9280935229289681
30.29253472222222
0.06074190139770508
0.9402519297432453
28.953125
0.06105947494506836
0.9508093397873565
27.84331597222222
0.05936288833618164
0.9454405850437255
23.806857638888893
0.05872321128845215
0.9618001696372608
16.555555555555557
0.058631181716918945
0.9498409223603207
29.515625
0.058744192123413086
0.9497746655446931
21.35590277777778
0.061028242111206055
0.9204982261693619
17.419367283950617
0.058707237243652344
0.9345742601245596
16.770447530864196
0.058770179748535156
0.9523766187815208
19.71378968253968
0.061011314392089844
0.9150098963448546
20.09236111111111
0.061148881912231445
0.9245114949275194
15.556944444444444
0.06122922897338867
0.9413318239315314
17.895833333333336
0.05864906311035156
0.9405303898892448
23.27662037037037
0.05930376052856445
0.9490231068488771
17.574845679012345
0.060750722885131836
0.9694261110860626
15.953993055555555
0.06226301193237305
0.947665236262212
24.38831018518518
0.06109452247619629
0.9510910623323924
19.70331790123457
0.06136512756347656
0.9466850338781042
14.705208333333335
0.061063528060913086
0.9497610506910937
13.945138888888888
0.0594944953918457
0.9340020637527615
8.101190476190476
0.06340837478637695
0.9384506061661381
7.9118055555555555
0.05896449089050293
0.9280758015317545
11.855902777777779
0.06110715866088867
0.957054194360571
10.17013888888889
0.05877494812011719
0.9337926152697589
58.02546296296297
0.061263322830200195
0.9386945436791306
12.215277777777779
0.05945706367492676
0.9572476509588498
35.72222222222222
0.061270713806152344
0.9262563330578584
36.00260416666667
0.05961322784423828
0.9444752320295582
36.27708333333334
0.061292409896850586
0.9559551495499374
20.536616161616163
0.059569358825683594
0.9660203226281074
31.42986111111111
0.06148791313171387
0.9679317658282618
26.14236111111111
0.06132030487060547
0.9465569510070807
51.51388888888889
0.06077289581298828
0.9337437031332999
43.28732638888889
0.061414241790771484
0.9486314346866742
44.18634259259259
0.059088706970214844
0.9615045211772902
9.750496031746033
0.06134033203125
0.9501849591542174
10.11855158730159
0.05915260314941406
0.9543058562356312
66.03645833333334
0.0596163272857666
0.950679029996736
12.638573232323234
0.06128263473510742
0.9666585788573338
6.155092592592593
0.059686899185180664
0.9544332487623276
3.9375
0.061277151107788086
0.9280705793697787
128.93055555555554
0.0599215030670166
0.9203494246566849
27.72222222222222
0.061275482177734375
0.9273638181127083
57.34201388888889
0.0610659122467041
0.9346793361948601
56.75
0.060823917388916016
0.9527830052746915
21.704861111111114
0.06081676483154297
0.9494683704971061
9.830439814814815
0.05999350547790527
0.936914112802502
14.628472222222223
0.05961942672729492
0.9244069297817231
75.96180555555556
0.059032440185546875
0.9558089579208814
17.372685185185187
0.0589296817779541
0.9459952099000446
28.644841269841272
0.058846235275268555
0.9263758123932408
24.18132716049383
0.05886697769165039
0.9375882617294055
17.964930555555554
0.05872297286987305
0.9365264072409895
10.181502525252524
0.05942034721374512
0.9269588385036556
19.62563131313131
0.05881619453430176
0.9393790918885795
50.535590277777786
0.05916857719421387
0.9294976197064795
12.97420634920635
0.058582305908203125
0.9466852972555488
13.279761904761907
0.058844566345214844
0.9115387579943373
15.471527777777776
0.058981895446777344
0.9298454776814714
14.244444444444445
0.058709144592285156
0.9244464711731557
5.728670634920634
0.05931282043457031
0.9140178655497481
10.881510416666668
0.05922961235046387
0.937073262760007
18.777083333333334
0.05890250205993652
0.9312311811676754
16.090277777777775
0.06117415428161621
0.9362200922359049
49.4375
0.059261322021484375
0.9351916759221692
29.268663194444446
0.058608055114746094
0.9367581772831498
11.662037037037036
0.05871844291687012
0.9305561920620314
13.4375
0.05900144577026367
0.9315054296025085
17.14236111111111
0.06099820137023926
0.9342345396113816
45.697916666666664
0.06046247482299805
0.9367981353260194
71.84375
0.061044931411743164
0.9354102221430387
17.54513888888889
0.06116890907287598
0.9058977245614429
21.92939814814815
0.059861183166503906
0.9583456849923128
9.205632716049381
0.06117606163024902
0.9287819954048587
33.576388888888886
0.061089515686035156
0.9118552815910059
20.011574074074073
0.06130576133728027
0.8345808096773978
23.024305555555557
0.05915713310241699
0.9116816261142653
59.86805555555556
0.06111001968383789
0.931584945271102
35.550694444444446
0.05938911437988281
0.9392287191686897
72.98611111111111
0.05912470817565918
0.9408604915766331
15.887400793650794
0.058377981185913086
0.9221582623732729
11.284288194444445
0.058745622634887695
0.9268011381385333
10.543154761904761
0.05863523483276367
0.9272052896211175
20.923611111111114
0.06122994422912598
0.9164379029131278
58.395833333333336
0.058817386627197266
0.9296744368952379
23.375
0.059221506118774414
0.9207883054804269
10.574074074074074
0.060648202896118164
0.9438608032808513
52.29050925925926
0.061414241790771484
0.9300247172814589
25.097222222222218
0.05864238739013672
0.941173828889127
62.71296296296296
0.05858755111694336
0.9416199057732337
20.036458333333332
0.05900979042053223
0.9242443333311035
26.040277777777778
0.05903506278991699
0.9475526976195547
10.971527777777778
0.05864310264587402
0.9451298324104523
6.519965277777778
0.05867791175842285
0.9506054469566817
31.55121527777778
0.058580875396728516
0.9343175574292968
9.45277777777778
0.05883383750915527
0.9359927801082569
38.93315972222223
0.05932950973510742
0.9413514891087608
16.7125
0.061675071716308594
0.9538955176979039
28.921875
0.05918765068054199
0.9579769912009914
24.290972222222223
0.058783531188964844
0.9437964595717017
16.953125
0.05887579917907715
0.9419657830144864
15.60858585858586
0.05902266502380371
0.925707083497598
13.260732323232322
0.05871105194091797
0.9466306950548168
12.922839506172838
0.05853557586669922
0.9193976073336905
11.186728395061728
0.05917239189147949
0.9378144238093836
16.695833333333333
0.05855917930603027
0.949851931567395
22.688988095238095
0.05861043930053711
0.9160162541455131
21.393308080808083
0.0610501766204834
0.942143309243271
18.871875
0.058855295181274414
0.9431566964780125
26.165798611111107
0.05987715721130371
0.9347937316553168
30.818750000000005
0.05984997749328613
0.9294749965034831
25.67361111111111
0.05888485908508301
0.9261140685901439
24.185416666666665
0.0586397647857666
0.9345844760799001
18.604166666666668
0.061150550842285156
0.9323030003172155
20.26099537037037
0.058152198791503906
0.9134041906536665
6.686631944444445
0.05898451805114746
0.9519930041732508
11.069444444444445
0.061216115951538086
0.9595742318103156
15.885416666666666
0.05965566635131836
0.9454794356963434
12.884837962962964
0.06136345863342285
0.9330738967486075
14.077876984126984
0.05928230285644531
0.9584560467524909
12.93888888888889
0.05894327163696289
0.9609421926291662
14.12326388888889
0.061960458755493164
0.9449583048305042
15.618055555555555
0.061325788497924805
0.9168402031033411
12.25
0.06138181686401367
0.9269718319498356
13.089120370370368
0.06117367744445801
0.9321807060998911
20.658234126984127
0.058680057525634766
0.9067975239386695
28.18402777777778
0.058692216873168945
0.9491204666800666
21.135763888888885
0.06128263473510742
0.957437551639448
12.453317901234566
0.06131434440612793
0.9310739336166545
30.69965277777778
0.059235334396362305
0.9306551828370243
28.810019841269842
0.05900430679321289
0.9298079931945321
50.575520833333336
0.05890083312988281
0.9321752968471796
15.108506944444445
0.06143784523010254
0.9432527244778387
9.98611111111111
0.06148099899291992
0.9524680221557623
20.95486111111111
0.06151723861694336
0.9349288419750545
11.177083333333334
0.06129145622253418
0.9528013684827961
32.861111111111114
0.05874776840209961
0.9229817685151641
14.27517361111111
0.058815956115722656
0.9348930668025023
15.394675925925926
0.05861210823059082
0.9393147832584443
11.26779513888889
0.05867934226989746
0.9303131559357808
9.147569444444445
0.0615084171295166
0.9440686873846078
20.833333333333336
0.05910992622375488
0.9420990386802569
28.881944444444443
0.05879473686218262
0.9157687448986781
15.83767361111111
0.0614008903503418
0.9308458781399962
13.582465277777779
0.05961489677429199
0.9254132940608112
15.112268518518519
0.05879855155944824
0.9504373089426962
8.70138888888889
0.06128978729248047
0.931883573321402
10.277777777777777
0.058901071548461914
0.9405181773635719
9.227083333333333
0.060735464096069336
0.9315371436157958
8.777777777777779
0.06149721145629883
0.929011552444441
25.583333333333332
0.06123995780944824
0.9145391468418603
10.40972222222222
0.059615373611450195
0.9399351394489946
38.43402777777778
0.05919694900512695
0.9464233641179614
30.39375
0.06154966354370117
0.947570287631739
0.0
0.05857443809509277
0.9389733458797519
19.110763888888886
0.05916905403137207
0.9389649965028276
11.411706349206346
0.06137847900390625
0.9245043403932525
9.569444444444445
0.06132650375366211
0.9249027602734936
18.41087962962963
0.0588078498840332
0.9286222402715413
9.755555555555555
0.06051993370056152
0.9236326140287766
11.828703703703702
0.06126546859741211
0.9049969601149255
12.343055555555557
0.06103968620300293
0.9521221315687615
13.790972222222223
0.06136488914489746
0.9527286392086687
17.174479166666668
0.06147885322570801
0.956070634353509
13.869791666666666
0.05961465835571289
0.9437920906184665
17.07986111111111
0.0613858699798584
0.945354141463942
6.121913580246914
0.06143999099731445
0.9346397707182443
15.0625
0.06230902671813965
0.9309691433849557
17.80497685185185
0.05880999565124512
0.9419916551884869
10.840856481481481
0.05986809730529785
0.9560843831418979
19.645833333333332
0.05881953239440918
0.9548638724295376
24.822222222222223
0.059216976165771484
0.9366466712103932
14.786805555555555
0.06118941307067871
0.9288578382733321
20.108630952380953
0.06127738952636719
0.9432970354624876
22.63773148148148
0.05887627601623535
0.9319154611257241
24.944444444444446
0.05892825126647949
0.9376885398397374
8.900462962962964
0.061398983001708984
0.9402313306588532
64.73090277777777
0.05904269218444824
0.9548182842385742
14.924768518518519
0.05856037139892578
0.9405566916533703
21.304563492063494
0.05872011184692383
0.9286973593190413
15.009081196581196
0.058577537536621094
0.9489856703843734
15.477719907407407
0.05860137939453125
0.9399921738555633
19.27662037037037
0.05878877639770508
0.9610078765623755
13.010069444444445
0.058739662170410156
0.9595659025620776
12.26205065359477
0.05886125564575195
0.9599684615540671
10.937996031746033
0.058741092681884766
0.9481780337121906
16.391729797979796
0.05883455276489258
0.9667939209433398
12.707465277777777
0.05879616737365723
0.9492824904913697
13.46329365079365
0.059145450592041016
0.9482786371053479
12.247395833333332
0.05906534194946289
0.9558470413387713
14.259424603174605
0.05853772163391113
0.9510570483708477
12.732142857142858
0.06136059761047363
0.9623003579649416
16.975694444444446
0.06203866004943848
0.9163300027146827
21.822916666666668
0.06196737289428711
0.0
0.0
0.06448554992675781
0.0
0.0
0.061308860778808594
0.7482539682539683
0.0
0.05909156799316406
0.9549571973550827
29.69560185185185
0.06127500534057617
0.9681392719739664
9.355902777777779
0.05936312675476074
0.9482930843037766
8.903769841269842
0.05919313430786133
0.9426829813730992
16.325892857142854
0.058824777603149414
0.9400277876626445
31.425925925925927
0.059612274169921875
0.9491094293641404
16.553124999999998
0.059630632400512695
0.9575224541821402
12.499565972222221
0.05885958671569824
0.9520781769400756
12.609375000000002
0.05883145332336426
0.9540445628321286
15.445746527777777
0.058934688568115234
0.9471357245983739
31.28587962962963
0.05889320373535156
0.9568855889732826
18.098800505050505
0.06132984161376953
0.9472851202979318
32.826388888888886
0.05897927284240723
0.9509969892207797
20.10763888888889
0.058624267578125
0.9648725607490464
7.827160493827161
0.05897951126098633
0.964336588461418
12.792968749999998
0.05867624282836914
0.9668260668655307
12.179976851851853
0.0588841438293457
0.9372769586150089
14.928571428571427
0.061362504959106445
0.9306641791187824
19.87291666666667
0.05901932716369629
0.9458442996918625
14.57165404040404
0.060292959213256836
0.9351140284335879
8.627209595959597
0.05944204330444336
0.9576619975397546
16.084722222222222
0.058454036712646484
0.9407891028638335
17.864583333333336
0.06158089637756348
0.9426608615976542
10.802083333333334
0.05965399742126465
0.956278568320252
17.97800925925926
0.061469316482543945
0.9393082807879103
9.886805555555556
0.06260323524475098
0.9384335677513058
20.596354166666664
0.06029319763183594
0.935473980718832
36.65625
0.06143927574157715
0.9424741390060343
27.91449652777778
0.06146121025085449
0.9560446163987623
30.363194444444446
0.06151580810546875
0.9339997719742265
25.136188271604937
0.06163191795349121
0.9433068395786904
21.3422619047619